"iteration","obs_index","y_true","y_pred"
1,1,6,25.2069233904636
1,2,-7,-12.4840421011095
1,3,3,21.3666053728886
1,4,-5,-2.61037991018363
1,5,1,18.5934770946296
1,6,-4,5.85301029297058
1,7,4,11.7452930105984
1,8,-1,0.731105897513758
1,9,4,5.00161666420839
1,10,4,3.43571643373643
1,11,-4,-6.72744583375781
1,12,3,6.53838070553295
1,13,-6,-2.49472465501296
1,14,3,6.1179141244995
1,15,-4,1.7392516378014
1,16,1,10.0947375499913
1,17,14,7.37766721889981
1,18,-11,-7.2848037641975
1,19,-2,8.95262285527801
1,20,-1,5.69715258819448
1,21,7,8.65160607024126
1,22,-8,-3.77858764906424
1,23,8,11.6989823823054
1,24,-1,-4.72663805858495
1,25,4,5.64491838838189
1,26,-1,-0.308502574250613
1,27,-2,-2.97618154755444
1,28,0,2.25325724107537
1,29,-1,-0.101114193873476
1,30,7,3.26665073199437
1,31,-12,-3.27402205796891
1,32,6,15.4073187959028
1,33,-4,2.24994895580078
1,34,-3,14.5874195625052
1,35,6,-1.47830397960392
1,36,1,0.22926719524985
1,37,-1,0.468899015432955
1,38,8,0.621773743094941
1,39,-21,-7.83396432075661
1,40,1,18.7932585775487
1,41,2,7.65592893187953
1,42,7,16.8297203136195
1,43,0,1.13233670463134
1,44,11,7.98434982164223
1,45,-18,-6.32020930095943
1,46,8,0.681873042352273
1,47,-7,0.85985791627128
1,48,20,11.6426151203205
1,49,-10,-15.4498863580862
1,50,4,7.98342912436698
1,51,14,9.97440250325301
1,52,11,-1.97842860388205
1,53,3,-9.58157580860656
1,54,-22,-4.44790343427288
1,55,-7,10.4375229443217
1,56,11,1.75865416335774
1,57,0,7.71639134042594
1,58,0,0.762747482839229
1,59,-3,10.8070792420029
1,60,21,7.55937285066399
1,61,-3,-7.1079915872157
1,62,4,-5.00904446439015
1,63,-7,-4.03371272520695
1,64,-14,-5.62130996402621
1,65,8,8.95140660404135
1,66,19,1.25086653150486
1,67,-6,-4.08783781862691
1,68,2,-3.05016202332095
1,69,-22,-2.3020944255881
1,70,0,15.978867993636
1,71,-4,2.70408886664035
1,72,2,24.6028498443016
1,73,3,-0.522022208307432
1,74,2,13.3031576692807
1,75,8,4.07256656331189
1,76,-8,-6.10435490913649
1,77,0,6.76336922771909
1,78,0,-2.86566692673703
1,79,14,3.92901527457986
1,80,-14,-8.58549586688513
1,81,0,9.12516079574268
1,82,0,5.85416497044055
1,83,4,9.83153747624455
1,84,-5,-0.11920797331752
1,85,5,8.55048969360501
1,86,1,1.69535820158729
1,87,-10,-1.82266968295177
1,88,15,12.1818373186028
1,89,-8,-9.62561930673874
1,90,11,3.34454478211226
1,91,-11,-2.36373676207765
1,92,-7,11.7091812807188
1,93,4,10.516487243901
1,94,0,-5.86466936221283
1,95,0,14.6691359490145
1,96,-3,4.17849364090975
1,97,3,4.10688788827365
1,98,15,6.2699710444369
1,99,-11,-10.9002873926749
1,100,-7,2.58771071062264
1,101,-4,7.50112961196495
1,102,-2,11.7624773974636
1,103,5,11.3737358052673
1,104,-8,7.28401552598172
1,105,1,12.0677610334706
1,106,-3,10.9870928735187
1,107,18,9.96934464029594
1,108,-4,-10.3197587039266
1,109,-3,-8.53778820763602
1,110,2,5.85598898841585
1,111,3,6.87354513030379
1,112,6,2.8997519004458
1,113,15,1.85731856345264
1,114,-17,-12.7185745831361
1,115,-6,1.81961709816713
1,116,-3,4.57148204956175
1,117,2,12.2700675454491
1,118,0,4.82439896170682
1,119,3,10.1147559676479
1,120,-4,4.32637620337227
1,121,0,9.82614857379244
1,122,4,2.24283146462067
1,123,8,-3.84127510415489
1,124,3,-4.80929996873951
1,125,-7,-2.84391271961984
1,126,-6,6.25016501129091
1,127,-1,4.21846576916697
1,128,7,7.15245712092309
1,129,10,2.2919066322468
1,130,-7,-4.56578327938563
1,131,4,11.4474765813438
1,132,-4,-0.843630944913157
1,133,4,3.13135218714164
1,134,-4,-2.3545658792885
1,135,4,1.84497499941025
1,136,-3,-0.355403687294451
1,137,-5,6.57269307806724
1,138,-12,12.8135105385012
1,139,5,14.6010339751909
1,140,4,9.38411505456937
1,141,-4,13.9316005728201
1,142,15,15.6241219651653
1,143,-4,-7.36491376938491
1,144,0,-1.88944051339385
1,145,-11,0.379439303976792
1,146,1,4.23353066374047
1,147,0,-0.0201155977873109
1,148,7,13.0714328232024
1,149,-1,-0.873007075543077
1,150,-6,5.66370937563475
1,151,-2,8.78174508835265
1,152,22,2.45208724497544
1,153,2,-13.8426205970458
1,154,-15,-21.3942788833103
1,155,3,13.8284643347398
1,156,-11,-6.55391142594041
1,157,7,16.4055509495201
1,158,-3,-0.188369904970348
1,159,-2,6.75423330104008
1,160,6,15.6503969458776
2,1,1,17.0336060379394
2,2,-4,9.70932901812518
2,3,4,11.4485763468781
2,4,-1,1.93476073064843
2,5,4,8.26748995395858
2,6,4,2.53789459684508
2,7,-4,-7.06032044270255
2,8,3,5.93099602119003
2,9,-6,-2.58085930327744
2,10,3,5.59747747721281
2,11,-4,0.41694584941892
2,12,1,9.17777747613774
2,13,14,5.64399114063432
2,14,-11,-7.27518460140762
2,15,-2,5.7032402243845
2,16,-1,4.96236519861723
2,17,7,6.69295282038554
2,18,-8,-5.7780816915539
2,19,8,10.4065605185043
2,20,-1,-4.09312705384489
2,21,4,6.4392247343086
2,22,-1,-2.36502282536602
2,23,-2,-3.78015639726795
2,24,0,2.53591608064464
2,25,-1,1.09471010683558
2,26,7,4.33982493157139
2,27,-12,-3.93125684233631
2,28,6,15.8133138914634
2,29,-4,1.76749308524615
2,30,-3,13.4166855458502
2,31,6,-1.01003116730026
2,32,1,-0.52293491951491
2,33,-1,-2.25942338371787
2,34,8,0.236795726243564
2,35,-21,-7.87425500592892
2,36,1,21.1680303940479
2,37,2,6.82547444809186
2,38,7,14.3894790850138
2,39,0,2.93988238318291
2,40,11,7.36425132631686
2,41,-18,-5.70988567368809
2,42,8,0.627173476166054
2,43,-7,0.261887902982485
2,44,20,10.8250749097959
2,45,-10,-16.10581336177
2,46,4,8.12749706386319
2,47,14,8.9817783599117
2,48,11,-5.78479768925616
2,49,3,-13.5152281516393
2,50,-22,-9.14013495071255
2,51,-7,10.882506659268
2,52,11,1.76901676824991
2,53,0,4.36162484317988
2,54,0,0.138503252804051
2,55,-3,7.96726584627992
2,56,21,8.62931338179357
2,57,-3,-5.97673846984226
2,58,4,-3.45087110759009
2,59,-7,-4.69045284035202
2,60,-14,-6.8957698463768
2,61,8,7.78724360979044
2,62,19,0.769598269468247
2,63,-6,-6.30626178879142
2,64,2,-6.14753813849908
2,65,-22,-4.68074160156538
2,66,0,17.1934257960452
2,67,-4,2.70332137878567
2,68,2,21.8218037295919
2,69,3,3.68142172453622
2,70,2,14.1070071772793
2,71,8,3.44411961786688
2,72,-8,-2.79663464523018
2,73,0,6.55797161810124
2,74,0,-3.62206007079647
2,75,14,2.28070957798227
2,76,-14,-11.6060189797969
2,77,0,6.53269601603624
2,78,0,5.54343813986559
2,79,4,9.24396076594448
2,80,-5,-1.39368989634357
2,81,5,6.19677370029135
2,82,1,-0.235895832395507
2,83,-10,-1.99043687532063
2,84,15,12.2393209507082
2,85,-8,-10.0419028306302
2,86,11,1.25773208113231
2,87,-11,-6.56308052966576
2,88,-7,7.897124104918
2,89,4,8.51338802109426
2,90,0,-4.81813878166284
2,91,0,13.8996950521334
2,92,-3,2.6885665980093
2,93,3,4.87288834109093
2,94,15,8.60944189428571
2,95,-11,-6.95912888219721
2,96,-7,-0.665107787590984
2,97,-4,5.39385265046732
2,98,-2,10.5141788769017
2,99,5,8.29951989541762
2,100,-8,3.64765440886972
2,101,1,13.0512533609058
2,102,-3,12.6524965672459
2,103,18,11.210813480234
2,104,-4,-12.1071543018698
2,105,-3,-9.39121236336552
2,106,2,3.25883814745642
2,107,3,5.11958065466392
2,108,6,1.32949921446478
2,109,15,2.91701564410166
2,110,-17,-12.3799314105082
2,111,-6,0.252011012143766
2,112,-3,2.5190196964477
2,113,2,9.6307606805252
2,114,0,3.09323733190131
2,115,3,8.58903052606291
2,116,-4,5.50658909212231
2,117,0,13.4707720002721
2,118,4,4.09594273102896
2,119,8,-4.28347721216111
2,120,3,-6.52296332620171
2,121,-7,-3.87277593293566
2,122,-6,4.66881000289039
2,123,-1,4.5768828110813
2,124,7,6.59879099238662
2,125,10,-0.849595747583631
2,126,-7,-5.97777178111185
2,127,4,8.71904018103021
2,128,-4,-0.588344669464448
2,129,4,3.13714181307676
2,130,-4,-5.02106619960416
2,131,4,1.01319352525169
2,132,-3,-0.690696326112765
2,133,-5,7.2236593510144
2,134,-12,11.8288198934531
2,135,5,15.7413279593293
2,136,4,8.86018479409038
2,137,-4,11.6350270066
2,138,15,13.0890940346639
2,139,-4,-7.45411255891604
2,140,0,-2.60141705197455
2,141,-11,-0.873403642271755
2,142,1,3.15263316439465
2,143,0,-1.42501232289193
2,144,7,12.1382051939737
2,145,-1,-1.86581049461888
2,146,-6,6.15570378747769
2,147,-2,9.32002989796789
2,148,22,4.52014233753858
2,149,2,-14.9290199355973
2,150,-15,-23.9103267715406
2,151,3,10.7014593594197
2,152,-11,-6.99333764205384
2,153,7,14.6561057042122
2,154,-3,-1.67792457864698
2,155,-2,6.85738990754544
2,156,6,12.9341707330043
2,157,-4,-8.40393864852871
2,158,-3,8.86151261578426
2,159,7,4.50512322338556
2,160,-4,-3.46506562287862
3,1,-4,-0.350684795727359
3,2,4,11.5109914453785
3,3,-1,1.55075181020885
3,4,4,9.00197334208042
3,5,4,-3.00761705100374
3,6,-4,-8.44930359042139
3,7,3,1.07839369932436
3,8,-6,-3.19566524788473
3,9,3,5.85899361234657
3,10,-4,1.21607860370584
3,11,1,8.80238096722429
3,12,14,5.82814361969775
3,13,-11,-5.3216987078249
3,14,-2,3.69552396040995
3,15,-1,7.47432134590288
3,16,7,4.8972125875976
3,17,-8,-1.68824820601089
3,18,8,11.3164159738641
3,19,-1,-1.60174635749023
3,20,4,7.32043355791078
3,21,-1,-4.556983277428
3,22,-2,-1.8598753047638
3,23,0,0.835515520578278
3,24,-1,2.19567335643875
3,25,7,1.8347750453214
3,26,-12,-2.20547693682595
3,27,6,12.0916529798191
3,28,-4,1.30428421486308
3,29,-3,10.9931483615717
3,30,6,-5.28630199269226
3,31,1,-0.194478900105472
3,32,-1,-1.87450120034544
3,33,8,-1.48727726406165
3,34,-21,-7.0558174182803
3,35,1,16.5283942324089
3,36,2,3.11821094978737
3,37,7,11.0764712912102
3,38,0,-3.00879069547949
3,39,11,7.45278546962331
3,40,-18,-5.9263038994993
3,41,8,3.57669940536774
3,42,-7,0.321268310664033
3,43,20,9.62615461364686
3,44,-10,-13.6550505815868
3,45,4,7.53905180859548
3,46,14,8.6638283475535
3,47,11,-1.00315954286296
3,48,3,-13.2249746445397
3,49,-22,-8.27839240589252
3,50,-7,11.3386238101491
3,51,11,-1.25376518831191
3,52,0,-1.1919109775013
3,53,0,0.0699211397907273
3,54,-3,12.4466246854177
3,55,21,7.96770193426892
3,56,-3,-5.53643617901873
3,57,4,-3.76367566967861
3,58,-7,-7.17086838322623
3,59,-14,-6.88370642450295
3,60,8,7.02446929247466
3,61,19,1.97112363272623
3,62,-6,-7.588880096869
3,63,2,-3.24851978898894
3,64,-22,-1.24639636567217
3,65,0,20.1552773664846
3,66,-4,2.56918586075231
3,67,2,19.5213569589592
3,68,3,0.368543081182282
3,69,2,16.4821972581068
3,70,8,6.20462611542155
3,71,-8,-1.01181868607298
3,72,0,4.13247595480121
3,73,0,-8.68221711652058
3,74,14,2.44946020643363
3,75,-14,-8.14988181852281
3,76,0,6.23909338689658
3,77,0,4.60435144080803
3,78,4,7.43699234837664
3,79,-5,-1.45925661614722
3,80,5,7.10533867903087
3,81,1,-1.27072183113072
3,82,-10,2.5591674705871
3,83,15,8.6269167137402
3,84,-8,-12.4350746995336
3,85,11,0.844966299297816
3,86,-11,-3.53376706652345
3,87,-7,5.95597086054805
3,88,4,9.30314783058238
3,89,0,-3.80554095588643
3,90,0,10.4381330451094
3,91,-3,1.43042302250984
3,92,3,6.92189616728819
3,93,15,4.98125710604413
3,94,-11,-9.67699999578789
3,95,-7,-0.277195126111989
3,96,-4,5.02798647450674
3,97,-2,7.64514181715526
3,98,5,10.6389994552319
3,99,-8,9.36527995428327
3,100,1,18.4937278530688
3,101,-3,11.1448432436147
3,102,18,10.6205072285383
3,103,-4,-10.1095520011054
3,104,-3,-5.36850700333987
3,105,2,6.70057837540581
3,106,3,10.8050525910356
3,107,6,3.21806499636976
3,108,15,-0.331729102925616
3,109,-17,-15.6936302072235
3,110,-6,-1.28870787218766
3,111,-3,3.53003468720038
3,112,2,6.9445856337472
3,113,0,3.17638362863304
3,114,3,12.8306338742542
3,115,-4,6.43971780544017
3,116,0,11.5963179654868
3,117,4,0.65547215606295
3,118,8,-4.04381257195737
3,119,3,-4.12567961241375
3,120,-7,-3.35733093498664
3,121,-6,2.43526234066424
3,122,-1,2.16980251685368
3,123,7,4.1511703227703
3,124,10,3.76901658632447
3,125,-7,-1.23652711935606
3,126,4,6.87289044470719
3,127,-4,-4.20952623542614
3,128,4,1.56625370614518
3,129,-4,-5.68709189517364
3,130,4,5.59715447664462
3,131,-3,-0.821785884542734
3,132,-5,6.53993307018914
3,133,-12,5.19668732218217
3,134,5,18.0527245535178
3,135,4,8.44668167894456
3,136,-4,15.0635273915243
3,137,15,11.6918570866477
3,138,-4,-4.09881056110372
3,139,0,-2.93835378607999
3,140,-11,1.53760411664119
3,141,1,6.89903084881015
3,142,0,-1.06437382493314
3,143,7,9.63143851954293
3,144,-1,-1.14876070367309
3,145,-6,10.2523578174016
3,146,-2,6.00830029239819
3,147,22,7.00018470709668
3,148,2,-13.6633972546407
3,149,-15,-20.5952739080282
3,150,3,13.534338049667
3,151,-11,-6.86682134713948
3,152,7,12.1828639714744
3,153,-3,-5.2569996800148
3,154,-2,11.4283800389089
3,155,6,14.0246196871539
3,156,-4,0.370015400601576
3,157,-3,8.42752569092648
3,158,7,2.70113455981271
3,159,-4,-1.6871516431051
3,160,0,5.77074176446033
4,1,-11,-4.10299627577704
4,2,-2,7.90893823932339
4,3,-1,10.0566073801783
4,4,7,6.1087035160843
4,5,-8,-3.66460011283684
4,6,8,13.0650275286358
4,7,-1,-0.51882228274698
4,8,4,7.16791128691528
4,9,-1,-7.25815449646934
4,10,-2,0.34897271408201
4,11,0,1.93391297726558
4,12,-1,2.57422249693664
4,13,7,2.35946484314065
4,14,-12,-0.4942135854846
4,15,6,14.2075818399958
4,16,-4,2.74723285544288
4,17,-3,12.3782926743059
4,18,6,-6.97241271110334
4,19,1,2.44110646922051
4,20,-1,-3.90446758873213
4,21,8,-0.56416564229297
4,22,-21,-4.72091255046083
4,23,1,14.1558237349517
4,24,2,4.28135857884327
4,25,7,13.3501288325722
4,26,0,-2.47957779678309
4,27,11,9.22438017512786
4,28,-18,-4.28231960590546
4,29,8,3.61560934302994
4,30,-7,3.10059662698176
4,31,20,4.93450696813618
4,32,-10,-12.057512071416
4,33,4,9.60674531327438
4,34,14,11.2278590092729
4,35,11,-2.05550728049987
4,36,3,-9.2791608044036
4,37,-22,-1.27018889320298
4,38,-7,8.7604116910325
4,39,11,-2.48406784406496
4,40,0,2.3601116075335
4,41,0,3.71636127871423
4,42,-3,11.0654099881231
4,43,21,7.73874325833539
4,44,-3,-4.47648288820102
4,45,4,-3.16460488603886
4,46,-7,-7.53874204171652
4,47,-14,-5.10430579149592
4,48,8,6.93279177733918
4,49,19,2.65598360529888
4,50,-6,-9.34730505318509
4,51,2,-1.0381135502767
4,52,-22,1.45354847855998
4,53,0,16.3774889040147
4,54,-4,-2.74329180780428
4,55,2,22.1275456809386
4,56,3,0.0131625616435915
4,57,2,16.7271079951797
4,58,8,4.72451178321971
4,59,-8,-2.93007475950793
4,60,0,6.29353996675942
4,61,0,-6.24372976896842
4,62,14,4.65447767590384
4,63,-14,-8.50808854050084
4,64,0,12.649228286311
4,65,0,6.82482364285623
4,66,4,6.72026491280313
4,67,-5,0.805810100728618
4,68,5,4.85922479381033
4,69,1,2.07342852411418
4,70,-10,3.9476777132668
4,71,15,6.09249549221717
4,72,-8,-11.5739005207679
4,73,11,6.74070504000868
4,74,-11,-4.64654308134168
4,75,-7,8.89030102608416
4,76,4,11.3818514164142
4,77,0,-4.01733257169119
4,78,0,6.99620627258435
4,79,-3,-2.01148660924468
4,80,3,8.23136578897738
4,81,15,4.94560447983548
4,82,-11,-10.4395792014092
4,83,-7,4.8183521285998
4,84,-4,8.97230934048801
4,85,-2,7.64567968309432
4,86,5,8.1859505715606
4,87,-8,8.88189112172967
4,88,1,17.8630388658126
4,89,-3,9.11608077128205
4,90,18,9.55862141425013
4,91,-4,-12.0840712919742
4,92,-3,0.135380728875695
4,93,2,10.2672086781951
4,94,3,11.0454396067711
4,95,6,2.07034177840218
4,96,15,-0.0982297427459509
4,97,-17,-14.7415714882175
4,98,-6,3.66200270850658
4,99,-3,6.71508134570094
4,100,2,8.5138655416537
4,101,0,3.56274969279417
4,102,3,11.6072635639561
4,103,-4,5.41713509838777
4,104,0,9.4759918629027
4,105,4,-0.103690228703872
4,106,8,-1.72256710555967
4,107,3,-2.51477523942663
4,108,-7,-0.146445605336025
4,109,-6,5.58135320778744
4,110,-1,2.20283503319309
4,111,7,5.79493471880496
4,112,10,3.56705795636042
4,113,-7,-2.02168468954718
4,114,4,11.023068681985
4,115,-4,-4.20263972579125
4,116,4,1.76998893720639
4,117,-4,-6.71295686621552
4,118,4,7.73838472978337
4,119,-3,-1.65866554430058
4,120,-5,6.65947314519446
4,121,-12,4.36236469559975
4,122,5,19.0370831138061
4,123,4,8.40433836531507
4,124,-4,15.0267180558195
4,125,15,10.1045148510772
4,126,-4,-2.93103471642368
4,127,0,1.19410504526155
4,128,-11,1.73822921298227
4,129,1,7.98714959086599
4,130,0,-0.569193295310166
4,131,7,11.2327914296538
4,132,-1,-4.41407067069348
4,133,-6,12.3150361806662
4,134,-2,7.03136708121901
4,135,22,6.2134684393691
4,136,2,-11.0907809095707
4,137,-15,-18.1118527779865
4,138,3,17.6433648726899
4,139,-11,-8.26179773438384
4,140,7,12.9593753844317
4,141,-3,-6.63833029829808
4,142,-2,13.0666241285678
4,143,6,12.6693198685615
4,144,-4,-3.35318340360969
4,145,-3,9.86917501823328
4,146,7,2.4416230085573
4,147,-4,-1.00037391933299
4,148,0,6.47598073100436
4,149,8,2.59888342785148
4,150,-10,-0.164766891089606
4,151,-10,-3.70979498692184
4,152,-12,-3.48141930486163
4,153,4,15.6044703432914
4,154,3,-2.30583670102375
4,155,13,2.87900694749202
4,156,-4,5.78129225301204
4,157,4,-5.80009945449348
4,158,-23,3.58899445802962
4,159,4,6.09087045412368
4,160,0,-0.872571567594818
5,1,-8,-2.25280503203328
5,2,8,11.2469628041515
5,3,-1,-7.85654858256373
5,4,4,5.02876181967315
5,5,-1,-3.48722364581519
5,6,-2,0.476503204959869
5,7,0,-2.69396808699034
5,8,-1,0.0788188664984943
5,9,7,0.453632381264185
5,10,-12,-1.31343289400888
5,11,6,12.6122824621177
5,12,-4,0.430985292601861
5,13,-3,11.391683205435
5,14,6,-4.00000864123612
5,15,1,-2.55786781562682
5,16,-1,-3.03011737332309
5,17,8,-4.02420248440825
5,18,-21,-6.72519452237651
5,19,1,12.5361557591674
5,20,2,3.32769929945533
5,21,7,13.1502333544291
5,22,0,1.31378250937905
5,23,11,8.72737048305402
5,24,-18,-8.56735175672253
5,25,8,1.88531714088597
5,26,-7,1.69419022202942
5,27,20,7.47223121355958
5,28,-10,-17.0991191388357
5,29,4,7.75553311393438
5,30,14,9.10247172237399
5,31,11,0.245414572560492
5,32,3,-8.17298136702306
5,33,-22,-8.43767055870163
5,34,-7,2.94889299224361
5,35,11,-1.99183820963222
5,36,0,1.89665332692579
5,37,0,-0.639058540083454
5,38,-3,7.80764029815822
5,39,21,12.465457114784
5,40,-3,-8.6469181445928
5,41,4,-3.24730508248965
5,42,-7,-9.8298895476679
5,43,-14,-0.917839631491717
5,44,8,4.61114027956189
5,45,19,2.30496681167722
5,46,-6,-11.0417975606975
5,47,2,-3.96302562831204
5,48,-22,-0.674122245683293
5,49,0,14.2272714565843
5,50,-4,0.0463188793893039
5,51,2,17.8818299096953
5,52,3,1.23437945466839
5,53,2,17.970619834839
5,54,8,10.9565461112579
5,55,-8,-5.48398134172845
5,56,0,3.29509659131924
5,57,0,-2.60600829910931
5,58,14,2.97762502986396
5,59,-14,-8.64391396197539
5,60,0,9.70693612720339
5,61,0,0.271235586814868
5,62,4,6.93307459108385
5,63,-5,-0.716615026403815
5,64,5,5.11030306403694
5,65,1,-0.687646102222686
5,66,-10,-0.44666641273983
5,67,15,5.11378878106993
5,68,-8,-9.37882085649841
5,69,11,2.53630364772201
5,70,-11,-6.83605702765527
5,71,-7,9.45305389625929
5,72,4,5.71416894763055
5,73,0,-5.53233821894025
5,74,0,8.08811762572537
5,75,-3,3.79608758584064
5,76,3,7.5248075980497
5,77,15,5.3825748521997
5,78,-11,-9.21625263236189
5,79,-7,1.50550354167257
5,80,-4,5.37685851307251
5,81,-2,9.24190193427455
5,82,5,9.93416059740704
5,83,-8,10.2139543190029
5,84,1,11.5579645611653
5,85,-3,9.36484920366414
5,86,18,12.8397233206148
5,87,-4,-7.92739559626034
5,88,-3,-3.76101520473347
5,89,2,0.461969369963015
5,90,3,7.92059845713447
5,91,6,6.42143294038004
5,92,15,-0.0543326535026836
5,93,-17,-14.4082337890811
5,94,-6,-1.3712893684427
5,95,-3,-0.593479153433037
5,96,2,8.11881993574184
5,97,0,5.60130229677131
5,98,3,12.326448696409
5,99,-4,1.86668739156798
5,100,0,8.93770077838107
5,101,4,2.70713265607216
5,102,8,1.14692834533619
5,103,3,-4.00507899118861
5,104,-7,-4.72861471434754
5,105,-6,1.47622958210638
5,106,-1,0.877010582652247
5,107,7,4.7264155868296
5,108,10,2.59645095203336
5,109,-7,-3.77014962363012
5,110,4,7.64175516257603
5,111,-4,-4.96417663432092
5,112,4,0.540845876756805
5,113,-4,-6.22698428715614
5,114,4,3.14855354018877
5,115,-3,-4.74495812154723
5,116,-5,6.41545667064955
5,117,-12,6.59637072127563
5,118,5,17.2164654597082
5,119,4,9.8880426580987
5,120,-4,13.2312184006015
5,121,15,12.5273259950518
5,122,-4,-4.32071261017154
5,123,0,-0.269671645978462
5,124,-11,-5.57083664256885
5,125,1,5.40968439968873
5,126,0,1.49304133767401
5,127,7,9.9918505449433
5,128,-1,-4.83008105380844
5,129,-6,8.11805294000249
5,130,-2,8.06063788619781
5,131,22,3.73814308490932
5,132,2,-12.3900655510755
5,133,-15,-18.6794819246298
5,134,3,5.18984445561381
5,135,-11,-5.62515249098979
5,136,7,11.1699198988371
5,137,-3,-3.94494592935428
5,138,-2,3.43158229589832
5,139,6,13.3095415489306
5,140,-4,3.52226496511986
5,141,-3,8.4103987168493
5,142,7,3.88906230885448
5,143,-4,-2.33364116296468
5,144,0,6.48438903410636
5,145,8,2.64182786638122
5,146,-10,-3.26429069442162
5,147,-10,-3.17155965237765
5,148,-12,-1.18092263364574
5,149,4,8.49636560200328
5,150,3,1.33321440423342
5,151,13,4.76368371327797
5,152,-4,1.01787736229363
5,153,4,-3.92855459247977
5,154,-23,-2.30183667085595
5,155,4,-0.33433805567762
5,156,0,-2.88772371221415
5,157,-7,4.37721289240579
5,158,4,7.69368729032661
5,159,-4,4.13424762514572
5,160,7,12.1921476648851
6,1,8,10.2695662750804
6,2,-1,-1.91816524615207
6,3,4,8.1867427227835
6,4,-1,-4.816356341308
6,5,-2,-2.82365073176474
6,6,0,3.03825799416299
6,7,-1,2.71286681483209
6,8,7,2.72036394710159
6,9,-12,-2.51288640745756
6,10,6,12.6918609199865
6,11,-4,1.13408773846668
6,12,-3,12.1671330419982
6,13,6,-6.48277952714858
6,14,1,2.78541528676013
6,15,-1,-0.7161370449529
6,16,8,-3.19010344587327
6,17,-21,-5.47877188778351
6,18,1,16.5744346813861
6,19,2,2.8651196509732
6,20,7,11.9134821286715
6,21,0,-1.25437930853068
6,22,11,4.04002155628388
6,23,-18,-5.79893167498835
6,24,8,2.69505649359118
6,25,-7,1.68445616485785
6,26,20,9.58646095584358
6,27,-10,-16.0749345840377
6,28,4,8.32269801130538
6,29,14,9.56851324263588
6,30,11,-0.298594618938656
6,31,3,-13.4218436265655
6,32,-22,-7.47444684914472
6,33,-7,11.1316388414918
6,34,11,-0.240278433891403
6,35,0,0.107889012552226
6,36,0,3.4666607535008
6,37,-3,7.77177912389876
6,38,21,7.2263258067415
6,39,-3,-7.93402196216824
6,40,4,-1.39413362796289
6,41,-7,-7.99611641387803
6,42,-14,-7.45601719434651
6,43,8,6.89744785071045
6,44,19,1.70914942148347
6,45,-6,-7.4960295798021
6,46,2,-0.870593246445202
6,47,-22,-5.04232021848673
6,48,0,22.0237264137624
6,49,-4,0.11394501178239
6,50,2,19.729667956359
6,51,3,-0.103551540032642
6,52,2,12.3220017863512
6,53,8,5.1737472567502
6,54,-8,-2.19356225383236
6,55,0,5.74567829252407
6,56,0,-10.7608651260132
6,57,14,4.3103680925469
6,58,-14,-6.62107914013848
6,59,0,8.05168195770081
6,60,0,3.89564813888795
6,61,4,8.8641788227202
6,62,-5,0.260545907318197
6,63,5,9.49611019561317
6,64,1,-3.32811225515616
6,65,-10,4.32261905514996
6,66,15,10.302362653026
6,67,-8,-13.7583450663099
6,68,11,4.51847818624104
6,69,-11,-4.24198115141327
6,70,-7,7.54405298014509
6,71,4,7.92703691145751
6,72,0,-2.44498807221226
6,73,0,11.1741511734594
6,74,-3,-0.115003067150339
6,75,3,4.21142046790686
6,76,15,5.4036317808868
6,77,-11,-10.8490006637662
6,78,-7,2.96141670094834
6,79,-4,3.33884269758929
6,80,-2,9.7771583106572
6,81,5,11.3709132846096
6,82,-8,7.6082924313199
6,83,1,18.3400420943726
6,84,-3,9.88938331434726
6,85,18,10.1402750754553
6,86,-4,-10.8835953305232
6,87,-3,-3.48120453728853
6,88,2,6.88970120785706
6,89,3,10.2769219767734
6,90,6,0.813606040728303
6,91,15,-2.00300509709577
6,92,-17,-15.9878829568069
6,93,-6,2.52059751344893
6,94,-3,4.45993439504365
6,95,2,10.0406200397227
6,96,0,4.00182313433839
6,97,3,10.1452891177438
6,98,-4,5.36998628660342
6,99,0,10.9449416389776
6,100,4,0.131319444254164
6,101,8,-5.22233974618539
6,102,3,-3.28281586935515
6,103,-7,-3.13111777551797
6,104,-6,3.37985035070014
6,105,-1,3.96458580720266
6,106,7,6.33301028692393
6,107,10,4.90029433765494
6,108,-7,-2.4202889570064
6,109,4,7.6855923604073
6,110,-4,-5.01419090730667
6,111,4,4.13776913397841
6,112,-4,-4.64698276937116
6,113,4,5.61798984675245
6,114,-3,0.0367017854753433
6,115,-5,6.26366626321519
6,116,-12,5.81011077088383
6,117,5,18.381886133912
6,118,4,9.14112995209889
6,119,-4,15.298833009929
6,120,15,11.5747031954361
6,121,-4,-5.89064406841547
6,122,0,0.830686394105483
6,123,-11,1.51796374855867
6,124,1,8.75733912069752
6,125,0,-1.9183629781366
6,126,7,9.3518187179168
6,127,-1,-1.02502428940133
6,128,-6,9.40032103576405
6,129,-2,5.64199687057338
6,130,22,7.96978668529207
6,131,2,-12.5290037206728
6,132,-15,-18.167564982844
6,133,3,12.2693231349941
6,134,-11,-5.72253171320754
6,135,7,10.3065375226299
6,136,-3,-2.72339095636729
6,137,-2,10.0245465871021
6,138,6,15.3327121976049
6,139,-4,-3.06945808006771
6,140,-3,10.5550815806537
6,141,7,0.540360752011916
6,142,-4,-1.5031097559851
6,143,0,6.74814108179265
6,144,8,1.33446379350101
6,145,-10,-0.983507604916835
6,146,-10,-3.80464030750566
6,147,-12,1.01218902478848
6,148,4,10.6547828220413
6,149,3,-1.12322950439911
6,150,13,6.7367348406737
6,151,-4,-0.0525119058327366
6,152,4,-5.03914960299051
6,153,-23,0.829112393351878
6,154,4,4.03688051504261
6,155,0,-2.02338325580524
6,156,-7,4.0229529218269
6,157,4,7.90704284561034
6,158,-4,2.96337386442688
6,159,7,14.2001887417089
6,160,8,13.2839598327427
7,1,4,6.06432968170945
7,2,-1,-5.80905376642749
7,3,-2,-4.52117812418918
7,4,0,0.6308886981869
7,5,-1,0.626294348428749
7,6,7,-0.325843416918905
7,7,-12,-2.92102572608197
7,8,6,12.9464211038539
7,9,-4,1.39399023035176
7,10,-3,9.57511182761609
7,11,6,-6.76056155925249
7,12,1,1.03360219057677
7,13,-1,-3.07197471896612
7,14,8,-5.3931867973147
7,15,-21,-4.79338188067338
7,16,1,18.0595898778179
7,17,2,1.64310336445621
7,18,7,8.96362390194051
7,19,0,-2.0400973781217
7,20,11,3.56283280916877
7,21,-18,-4.2988622261139
7,22,8,1.25959754561517
7,23,-7,1.45011856758149
7,24,20,7.17912778639276
7,25,-10,-14.2739912819208
7,26,4,6.20759730870263
7,27,14,8.11201866629193
7,28,11,0.418305121817158
7,29,3,-9.00860325515057
7,30,-22,-5.94847447705964
7,31,-7,14.3164992269293
7,32,11,-1.29909073451535
7,33,0,-2.11552291500643
7,34,0,-0.90890373303621
7,35,-3,6.50231434655575
7,36,21,7.3675020626528
7,37,-3,-5.91342221514892
7,38,4,-0.54848306878217
7,39,-7,-8.85879815855514
7,40,-14,-8.90378906264716
7,41,8,7.41212888902548
7,42,19,0.552978430207055
7,43,-6,-9.09739062899141
7,44,2,0.417884347864921
7,45,-22,-3.85987565248707
7,46,0,24.9350484303674
7,47,-4,-1.52775441065798
7,48,2,14.6096498569641
7,49,3,-4.25177112444652
7,50,2,12.5995764049096
7,51,8,5.66776589956489
7,52,-8,-1.78827321645981
7,53,0,5.08515506495577
7,54,0,-12.2954953664731
7,55,14,1.97287638468007
7,56,-14,-6.24978055338497
7,57,0,11.679612412609
7,58,0,2.68862840810273
7,59,4,6.52327653127792
7,60,-5,-0.00751899853604332
7,61,5,6.87331904544096
7,62,1,-3.19022948966152
7,63,-10,2.71250351852342
7,64,15,9.43122648088687
7,65,-8,-12.405880649431
7,66,11,4.62708032482319
7,67,-11,-3.60024477103317
7,68,-7,8.73642198954436
7,69,4,8.39859476994659
7,70,0,-5.20273374124652
7,71,0,7.56316031605209
7,72,-3,-2.59129152385588
7,73,3,2.00035093974089
7,74,15,5.09889941362984
7,75,-11,-10.0816144010019
7,76,-7,5.82017581279737
7,77,-4,3.12126421802969
7,78,-2,7.43412580184441
7,79,5,8.54909286143399
7,80,-8,6.51176515463561
7,81,1,16.2463361261681
7,82,-3,9.68451981292766
7,83,18,7.9218521528942
7,84,-4,-9.16247553771574
7,85,-3,-2.98778876149396
7,86,2,5.89746980178345
7,87,3,8.354309207269
7,88,6,-0.197326065268403
7,89,15,-1.36785226049213
7,90,-17,-13.9705964662492
7,91,-6,6.71193385826028
7,92,-3,3.3777223541839
7,93,2,6.39151635447445
7,94,0,1.81922241775355
7,95,3,8.0250664868632
7,96,-4,3.85377871727465
7,97,0,9.63175390836159
7,98,4,-1.15586602144161
7,99,8,-6.41667990078269
7,100,3,-3.57740684446062
7,101,-7,-3.84502494244756
7,102,-6,2.92775033336485
7,103,-1,2.65011917581974
7,104,7,3.34297718581526
7,105,10,3.49570564956809
7,106,-7,-2.82905911145263
7,107,4,7.74745645002793
7,108,-4,-4.75150229548385
7,109,4,1.3569947223023
7,110,-4,-6.29777557655774
7,111,4,2.56820537254567
7,112,-3,-1.57642796647602
7,113,-5,3.83030642001977
7,114,-12,4.44257837404251
7,115,5,18.4774975719915
7,116,4,8.39816649474015
7,117,-4,13.5805830118684
7,118,15,10.4529441337054
7,119,-4,-2.84140206683987
7,120,0,1.95780949201303
7,121,-11,-0.247748053168228
7,122,1,8.62419895243085
7,123,0,-3.02029534102204
7,124,7,6.26576104822506
7,125,-1,-3.32425505862813
7,126,-6,8.42212548006789
7,127,-2,5.32479384583144
7,128,22,6.01111677878827
7,129,2,-10.6766548280016
7,130,-15,-18.2481020652109
7,131,3,13.6394204938643
7,132,-11,-5.52222051460959
7,133,7,9.80716957562485
7,134,-3,-4.43559908334216
7,135,-2,4.30804595088218
7,136,6,14.5614255440178
7,137,-4,-3.02485774265042
7,138,-3,8.72689871516709
7,139,7,-1.62723152277517
7,140,-4,-2.17237570299254
7,141,0,4.19565056294322
7,142,8,-0.0149156371112769
7,143,-10,-1.11668196856964
7,144,-10,-2.33135208922833
7,145,-12,2.86862732120263
7,146,4,11.8959956069416
7,147,3,-2.54656209837367
7,148,13,4.11791955237586
7,149,-4,0.122850108809555
7,150,4,-5.30074185966724
7,151,-23,-1.96203521384425
7,152,4,1.62115307137699
7,153,0,-2.81189935889258
7,154,-7,1.72853360098984
7,155,4,6.52643446084678
7,156,-4,2.68853582315749
7,157,7,12.0520375509807
7,158,8,13.7616213942866
7,159,16,2.28776189048414
7,160,-18,-4.18196451396015
8,1,-2,-3.51582289978837
8,2,0,1.00183398517336
8,3,-1,1.81040343627549
8,4,7,0.57115354245297
8,5,-12,-3.30827240902215
8,6,6,11.0463990495602
8,7,-4,1.16544859947331
8,8,-3,10.848892405752
8,9,6,-6.99421481098174
8,10,1,0.469102955355465
8,11,-1,-2.37358922205875
8,12,8,-4.16888142642272
8,13,-21,-6.82542787969384
8,14,1,14.2301548609042
8,15,2,3.09218257053601
8,16,7,10.4777505050269
8,17,0,-3.0734633931867
8,18,11,3.83546083471962
8,19,-18,-7.38071219203253
8,20,8,2.56972055161825
8,21,-7,0.425731338685775
8,22,20,7.51622159385686
8,23,-10,-14.7735848889985
8,24,4,8.07999992725513
8,25,14,8.79424381937148
8,26,11,-1.53652760635184
8,27,3,-11.5862826942414
8,28,-22,-7.21708417997196
8,29,-7,10.1108972817713
8,30,11,-0.341680739153951
8,31,0,-1.02419200110319
8,32,0,2.63199646537695
8,33,-3,8.33512757013007
8,34,21,6.29987405153538
8,35,-3,-8.43746245111823
8,36,4,-0.494980034614732
8,37,-7,-9.25778197601626
8,38,-14,-8.57947959032218
8,39,8,5.65995636844234
8,40,19,1.74278566339882
8,41,-6,-8.57885429948949
8,42,2,1.79744471080902
8,43,-22,-4.53064199961074
8,44,0,20.6441911069216
8,45,-4,-0.0060789815482285
8,46,2,18.9865603418704
8,47,3,-0.903996941307128
8,48,2,12.4541730042286
8,49,8,3.32997042974833
8,50,-8,-3.4209788635682
8,51,0,4.10541059110632
8,52,0,-11.4817250503118
8,53,14,3.29119278247275
8,54,-14,-8.0104348514194
8,55,0,10.1948359393396
8,56,0,3.84806114717843
8,57,4,7.74736746205386
8,58,-5,-1.12272100198767
8,59,5,7.52336530311813
8,60,1,-3.09801341033376
8,61,-10,2.57081734115831
8,62,15,8.50332777338352
8,63,-8,-14.2972482477733
8,64,11,5.35450790834945
8,65,-11,-4.13075180508003
8,66,-7,6.88305488162755
8,67,4,8.11037717379845
8,68,0,-3.27396688922034
8,69,0,9.05699073298358
8,70,-3,-2.02097480554754
8,71,3,3.77386622374216
8,72,15,3.98779439314945
8,73,-11,-12.952266096571
8,74,-7,4.515313121706
8,75,-4,4.17506053198586
8,76,-2,8.99531428248663
8,77,5,10.5016053322898
8,78,-8,7.70351702822748
8,79,1,17.7289823716507
8,80,-3,9.53855534306829
8,81,18,8.59131066766821
8,82,-4,-11.371998302032
8,83,-3,-1.16342439489594
8,84,2,6.95030327110081
8,85,3,9.43355305295668
8,86,6,-0.799883197011293
8,87,15,-3.18669084021753
8,88,-17,-17.995587497728
8,89,-6,3.95824880921955
8,90,-3,5.38214821852711
8,91,2,9.09938074202329
8,92,0,3.08673059834613
8,93,3,9.45295293462854
8,94,-4,4.54706761781268
8,95,0,9.50422820639315
8,96,4,-1.52478269138294
8,97,8,-6.35396826305435
8,98,3,-4.58237406003451
8,99,-7,-4.27793691131238
8,100,-6,2.5220742965874
8,101,-1,3.08625957935041
8,102,7,5.13993473946607
8,103,10,3.83038839602072
8,104,-7,-4.01820698123984
8,105,4,6.72037880122614
8,106,-4,-5.63127113489345
8,107,4,2.2036336121893
8,108,-4,-5.91131485665191
8,109,4,4.39596329516166
8,110,-3,-1.44049330689131
8,111,-5,4.93346591886619
8,112,-12,4.19044136471773
8,113,5,18.3031267187379
8,114,4,8.41980814559804
8,115,-4,14.5526240046564
8,116,15,10.5718204034485
8,117,-4,-5.78797745996415
8,118,0,1.79313807596063
8,119,-11,1.21251041791847
8,120,1,7.83557259417571
8,121,0,-2.63682341108817
8,122,7,8.42489856350821
8,123,-1,-2.40204501615058
8,124,-6,8.95758951677498
8,125,-2,4.31634054923779
8,126,22,7.39346697621071
8,127,2,-11.5879322676036
8,128,-15,-16.345002564124
8,129,3,12.3815773553068
8,130,-11,-5.77712242951139
8,131,7,9.01787414912425
8,132,-3,-3.20676127296137
8,133,-2,10.1311801348521
8,134,6,14.9445520218362
8,135,-4,-4.50599910247737
8,136,-3,8.86423126237111
8,137,7,-0.0581725716248576
8,138,-4,-3.00200476557147
8,139,0,5.03247118748576
8,140,8,0.769116476522084
8,141,-10,-2.39530415662633
8,142,-10,-5.84508373888176
8,143,-12,1.66884878554614
8,144,4,12.181996628022
8,145,3,-2.55879351164963
8,146,13,5.01265434444508
8,147,-4,2.36655240056675
8,148,4,-5.11346991621647
8,149,-23,-0.155680704410225
8,150,4,2.8836600092062
8,151,0,-3.1753533191656
8,152,-7,2.10123250899753
8,153,4,6.53044057381288
8,154,-4,3.16506361299443
8,155,7,12.9868544586608
8,156,8,12.5088598640497
8,157,16,1.74262058479817
8,158,-18,-5.93454117624572
8,159,0,9.4080616341067
8,160,4,8.38576656421887
9,1,0,3.6188853202695
9,2,-1,1.31292852686117
9,3,7,0.791438612047073
9,4,-12,-3.368472391782
9,5,6,12.5440893125676
9,6,-4,2.24777059336373
9,7,-3,11.7343925666856
9,8,6,-4.51808356297024
9,9,1,0.558233679658845
9,10,-1,-0.26515159143658
9,11,8,-1.67482868770831
9,12,-21,-5.98207740822448
9,13,1,15.3475349549391
9,14,2,4.65699185296293
9,15,7,12.0231600953849
9,16,0,-1.94899919643841
9,17,11,6.00530000215307
9,18,-18,-5.55593061570053
9,19,8,3.68222524671815
9,20,-7,-0.376745461846788
9,21,20,8.11992422137047
9,22,-10,-11.8128601666777
9,23,4,8.43876369733411
9,24,14,9.08187335967126
9,25,11,-2.13728544136449
9,26,3,-8.74824902180568
9,27,-22,-6.3541587999075
9,28,-7,11.3704419580857
9,29,11,0.614178903995061
9,30,0,-0.387605278744084
9,31,0,1.64706587498362
9,32,-3,9.28434606451522
9,33,21,8.0708997176468
9,34,-3,-7.48209459558439
9,35,4,-0.820574566983798
9,36,-7,-8.76055409636062
9,37,-14,-8.61725105869592
9,38,8,7.9496639743505
9,39,19,0.820315288535427
9,40,-6,-7.10115835452629
9,41,2,2.58557836337875
9,42,-22,-3.67623998599226
9,43,0,20.4936911124147
9,44,-4,0.124356859025178
9,45,2,20.2485354391338
9,46,3,-2.53935204329248
9,47,2,12.5040023633454
9,48,8,6.4100843311778
9,49,-8,-2.62210635005572
9,50,0,6.14467493640134
9,51,0,-10.128453496831
9,52,14,3.32847646875639
9,53,-14,-8.21019977479918
9,54,0,11.4623588592481
9,55,0,4.11240524854702
9,56,4,8.18421751339935
9,57,-5,-0.761746438800233
9,58,5,8.14031319458713
9,59,1,-1.55355445690677
9,60,-10,2.46562077176414
9,61,15,10.4811027216417
9,62,-8,-13.4074184857908
9,63,11,5.66303507786727
9,64,-11,-4.77482435180572
9,65,-7,9.06289301433472
9,66,4,9.86369576154553
9,67,0,-5.19850893945295
9,68,0,9.22640700822211
9,69,-3,2.05541560234784
9,70,3,3.88616686657707
9,71,15,4.56277742286327
9,72,-11,-13.1609826619938
9,73,-7,6.95045476271666
9,74,-4,3.9588899078834
9,75,-2,9.4337565992279
9,76,5,9.7112692357442
9,77,-8,7.16689050369506
9,78,1,16.1293237830224
9,79,-3,11.2736025453406
9,80,18,9.6764623999737
9,81,-4,-10.1251825078036
9,82,-3,-2.17443714120207
9,83,2,6.69887816879759
9,84,3,9.2121668749555
9,85,6,0.0392028944713765
9,86,15,-0.431469194838826
9,87,-17,-15.6953015777562
9,88,-6,6.01501152083272
9,89,-3,4.69444612476847
9,90,2,9.92682417769637
9,91,0,2.37634647814882
9,92,3,9.91078854277941
9,93,-4,5.07546467942945
9,94,0,10.0209595549765
9,95,4,1.32094253298516
9,96,8,-6.92151447709654
9,97,3,-4.46393262017877
9,98,-7,-1.884415995071
9,99,-6,4.63989021571252
9,100,-1,4.7819029321713
9,101,7,5.04735891384264
9,102,10,3.4275451751831
9,103,-7,-3.89242514661767
9,104,4,9.42956528791055
9,105,-4,-4.32666464795587
9,106,4,2.37568900406141
9,107,-4,-4.39576537378439
9,108,4,4.3518510554025
9,109,-3,0.486447832091357
9,110,-5,5.10124172916745
9,111,-12,7.84577522189455
9,112,5,17.4704620362581
9,113,4,8.24965042394231
9,114,-4,14.3970461877695
9,115,15,13.6893504421141
9,116,-4,-4.25932942706176
9,117,0,1.78054489001494
9,118,-11,0.490288755428799
9,119,1,8.17130917329224
9,120,0,-2.7283169213678
9,121,7,8.96990755004239
9,122,-1,-2.38491033186615
9,123,-6,9.14212266392368
9,124,-2,7.4488127732745
9,125,22,6.42812650859427
9,126,2,-8.83786962351774
9,127,-15,-18.0058547638677
9,128,3,11.8703187459063
9,129,-11,-4.87878194346954
9,130,7,9.98192565469938
9,131,-3,-2.00980606448073
9,132,-2,8.14187363371566
9,133,6,16.425366824547
9,134,-4,-3.78205298992546
9,135,-3,8.75450992253491
9,136,7,1.46222016427882
9,137,-4,-3.00611159200892
9,138,0,4.55421314443584
9,139,8,2.93832699485548
9,140,-10,-2.65099074416933
9,141,-10,-5.46538397691166
9,142,-12,4.17233296178244
9,143,4,12.0161488027526
9,144,3,-2.39209551838812
9,145,13,4.89257163581195
9,146,-4,-0.0164915710530356
9,147,4,-4.19302715689421
9,148,-23,-0.814671246023315
9,149,4,4.65898577500494
9,150,0,-1.4248134934162
9,151,-7,2.78100139294775
9,152,4,9.64775970187555
9,153,-4,3.0316078249176
9,154,7,13.105172412341
9,155,8,13.0829259623395
9,156,16,-0.156307150791307
9,157,-18,-6.1133616825428
9,158,0,11.0555123280516
9,159,4,7.21384537846113
9,160,16,3.68873319779104
10,1,7,0.652256114068617
10,2,-12,-1.06156670554771
10,3,6,13.4840500021227
10,4,-4,3.12596052261215
10,5,-3,10.5274956781054
10,6,6,-6.34902641217721
10,7,1,2.37628671468896
10,8,-1,-2.24582232553184
10,9,8,-4.52431799483959
10,10,-21,-3.45890040455343
10,11,1,16.453494531222
10,12,2,3.5661479685608
10,13,7,10.6928164857201
10,14,0,0.0202930614373504
10,15,11,5.49645281001648
10,16,-18,-3.57821523659986
10,17,8,2.31695427497253
10,18,-7,3.53119365697889
10,19,20,6.28819207502646
10,20,-10,-12.8143917874177
10,21,4,7.63471496936196
10,22,14,10.3354124640284
10,23,11,3.16904129707031
10,24,3,-7.0716300928979
10,25,-22,-4.87150409453113
10,26,-7,12.0696245083148
10,27,11,-1.5866782835214
10,28,0,0.692440883539852
10,29,0,0.463623958182136
10,30,-3,8.14656847592974
10,31,21,9.11214240647907
10,32,-3,-4.71995673895183
10,33,4,-2.13636635218947
10,34,-7,-9.1663834409676
10,35,-14,-8.65210726560493
10,36,8,7.21756088015633
10,37,19,2.34557455621421
10,38,-6,-7.44120959054763
10,39,2,1.31025588457465
10,40,-22,-2.68498729442914
10,41,0,23.4892839940321
10,42,-4,-1.98372102774227
10,43,2,16.3272677862571
10,44,3,-2.86522835308721
10,45,2,14.1931773370199
10,46,8,7.58298216373947
10,47,-8,-3.69974281274138
10,48,0,5.30676700930398
10,49,0,-11.4200541769401
10,50,14,3.95035123354351
10,51,-14,-3.70635896333298
10,52,0,12.7554402950209
10,53,0,3.57377497825588
10,54,4,6.87707312628922
10,55,-5,1.77108951115158
10,56,5,6.99651536943762
10,57,1,-0.77606507776033
10,58,-10,3.45989147724813
10,59,15,8.20111257012703
10,60,-8,-10.3778582235653
10,61,11,4.76802423295407
10,62,-11,-2.40535915036107
10,63,-7,8.48106694450008
10,64,4,8.41591735142185
10,65,0,-4.40386836297649
10,66,0,7.62376241289852
10,67,-3,-1.11029820628469
10,68,3,3.23685091880128
10,69,15,5.73560631680096
10,70,-11,-10.3290438749476
10,71,-7,6.37179102814852
10,72,-4,3.67230130121567
10,73,-2,8.4836773876709
10,74,5,10.2977589871908
10,75,-8,9.77211611645114
10,76,1,16.5400635221225
10,77,-3,9.80255598632745
10,78,18,8.5007426012754
10,79,-4,-7.57923295331791
10,80,-3,-1.59256154660899
10,81,2,6.59547322469819
10,82,3,10.2545255660336
10,83,6,1.32390042549372
10,84,15,-0.799681566005508
10,85,-17,-13.2654694518691
10,86,-6,5.61920584310285
10,87,-3,3.72418585434289
10,88,2,8.06524310787201
10,89,0,4.54363721865866
10,90,3,10.0614272432584
10,91,-4,4.97302833621074
10,92,0,7.92677915745704
10,93,4,-0.631472947932962
10,94,8,-5.01972164131629
10,95,3,-1.39559237503474
10,96,-7,-2.29663992800533
10,97,-6,3.58968073048236
10,98,-1,2.28301767305283
10,99,7,5.10434253020841
10,100,10,5.82426563472099
10,101,-7,-1.2706386333353
10,102,4,8.67750903445988
10,103,-4,-4.67783219724099
10,104,4,1.06929945663091
10,105,-4,-4.39602496088771
10,106,4,3.31440024957588
10,107,-3,-0.55757452837025
10,108,-5,4.34771397467574
10,109,-12,5.01668527609857
10,110,5,18.8062997039221
10,111,4,10.6283510490014
10,112,-4,15.4870273761414
10,113,15,11.9177688476977
10,114,-4,-1.31279723216392
10,115,0,1.95683403904207
10,116,-11,-0.810271741781589
10,117,1,8.37927980648515
10,118,0,-1.18381386605682
10,119,7,7.93715551572731
10,120,-1,-1.9564522113755
10,121,-6,9.65503685612384
10,122,-2,5.67272880158004
10,123,22,5.80143102744317
10,124,2,-8.3816779232209
10,125,-15,-15.5909712345073
10,126,3,13.2090697673096
10,127,-11,-4.61695100068419
10,128,7,9.16066789794086
10,129,-3,-2.32782209570012
10,130,-2,5.72346910993957
10,131,6,16.7627788217033
10,132,-4,-3.62937758988419
10,133,-3,10.253169905002
10,134,7,-1.60355091820921
10,135,-4,-1.01472538219723
10,136,0,4.9207767661252
10,137,8,1.46281421470904
10,138,-10,0.0259687539084514
10,139,-10,-1.44328804188005
10,140,-12,1.0718642059808
10,141,4,12.9259782051531
10,142,3,-1.56972696940577
10,143,13,4.77574249739862
10,144,-4,-1.51769239904608
10,145,4,-2.90662901741192
10,146,-23,-0.736416744243153
10,147,4,1.65707375367447
10,148,0,-1.76413303561228
10,149,-7,2.52540115766968
10,150,4,7.2934016140657
10,151,-4,5.23133603225018
10,152,7,13.8360331569786
10,153,8,14.2882969125501
10,154,16,2.86241359064305
10,155,-18,-2.40417445515365
10,156,0,11.4605829672379
10,157,4,7.92579424794411
10,158,16,3.1917731232236
10,159,-1,-15.1340982498898
10,160,-13,-7.63950224923864
11,1,6,14.4774349542626
11,2,-4,0.669204247656973
11,3,-3,11.7835546558402
11,4,6,-6.78310334289814
11,5,1,-1.61540241699692
11,6,-1,-3.21497294164472
11,7,8,-3.17784282114859
11,8,-21,-6.81874969903411
11,9,1,15.9293801149659
11,10,2,2.01260738463125
11,11,7,8.8375108034459
11,12,0,-3.05374042359516
11,13,11,5.36404716308004
11,14,-18,-6.41307777697197
11,15,8,2.09604051252756
11,16,-7,-0.551709199579065
11,17,20,7.70136414781579
11,18,-10,-14.4590002851069
11,19,4,7.68808052941714
11,20,14,7.49246643805823
11,21,11,-1.92289144401365
11,22,3,-9.53245758710251
11,23,-22,-3.8976082828775
11,24,-7,11.7214203315142
11,25,11,-1.17489606844102
11,26,0,-5.92224630474506
11,27,0,0.0155652657708707
11,28,-3,7.8915790178607
11,29,21,11.1525807230827
11,30,-3,-8.48170812108981
11,31,4,0.110400361660301
11,32,-7,-9.55146655405918
11,33,-14,-5.91020003197577
11,34,8,7.12545519150686
11,35,19,-1.1791286318479
11,36,-6,-9.67637319418344
11,37,2,2.8412788761512
11,38,-22,-1.86408715031716
11,39,0,21.5625890897386
11,40,-4,-2.21513568291573
11,41,2,15.6827413922048
11,42,3,-2.65673401186049
11,43,2,12.4862664968606
11,44,8,8.76823493995857
11,45,-8,-5.86690517446906
11,46,0,6.85825053861033
11,47,0,-10.7754546694964
11,48,14,3.3059710537946
11,49,-14,-10.330253761927
11,50,0,13.4461613886355
11,51,0,3.66058099628862
11,52,4,6.49606886227387
11,53,-5,-2.29372709286578
11,54,5,7.54242664151235
11,55,1,-2.71462816485576
11,56,-10,2.89507457475687
11,57,15,8.16092649620912
11,58,-8,-14.5360748050819
11,59,11,5.46325812488777
11,60,-11,-6.20648475436099
11,61,-7,9.9223472381112
11,62,4,8.34643764844544
11,63,0,-5.97584817656421
11,64,0,6.11334579762413
11,65,-3,-0.10573215413001
11,66,3,4.55959148803457
11,67,15,4.71781466157591
11,68,-11,-14.0110779706722
11,69,-7,6.854777902311
11,70,-4,5.56548911110357
11,71,-2,9.04095016188591
11,72,5,9.52297836188454
11,73,-8,6.31588984200532
11,74,1,18.0002772420496
11,75,-3,9.55527002201953
11,76,18,10.5386506832373
11,77,-4,-11.9251448336724
11,78,-3,-0.194982310957436
11,79,2,7.02754449502457
11,80,3,7.62312438443156
11,81,6,0.934147381058287
11,82,15,-1.6539306807159
11,83,-17,-16.4682848095964
11,84,-6,5.74729480708357
11,85,-3,4.21330339678242
11,86,2,6.62373235371148
11,87,0,2.12210560602583
11,88,3,8.79583052262865
11,89,-4,5.26770739638405
11,90,0,10.0611808319062
11,91,4,0.374702076969724
11,92,8,-5.92986133282158
11,93,3,-4.51690485058204
11,94,-7,-2.7132945679532
11,95,-6,5.01095746386627
11,96,-1,3.17449525083918
11,97,7,3.88555455947548
11,98,10,1.44922542575909
11,99,-7,-4.37336984533907
11,100,4,10.4898681781541
11,101,-4,-4.6824967522545
11,102,4,1.82963892740147
11,103,-4,-7.31429605402587
11,104,4,4.10898373869865
11,105,-3,-2.27314270951035
11,106,-5,6.04698614081056
11,107,-12,6.29261781340953
11,108,5,18.6677232787155
11,109,4,7.16646008046394
11,110,-4,13.0906988840646
11,111,15,13.027544885812
11,112,-4,-6.46612274147444
11,113,0,3.53235164516477
11,114,-11,-1.38322526726594
11,115,1,8.72486334672924
11,116,0,-2.60502002812708
11,117,7,7.60351989254437
11,118,-1,-3.29463316713198
11,119,-6,9.48104778676076
11,120,-2,8.52503494218767
11,121,22,5.6824155586529
11,122,2,-10.2175992710726
11,123,-15,-15.7004583226769
11,124,3,14.1516453507255
11,125,-11,-5.14851011299532
11,126,7,11.1290126146412
11,127,-3,-5.9648075480037
11,128,-2,7.24791485790466
11,129,6,16.3832173804385
11,130,-4,-3.81189568136641
11,131,-3,10.1679883246614
11,132,7,-0.102420127017681
11,133,-4,-3.05749087204319
11,134,0,5.42883353506367
11,135,8,2.16572185843551
11,136,-10,-2.69657496288932
11,137,-10,-5.8576355110068
11,138,-12,2.61097914419991
11,139,4,12.4827815109211
11,140,3,-4.15642337766228
11,141,13,2.90758650193895
11,142,-4,-1.06292816128882
11,143,4,-6.98046289380157
11,144,-23,-1.51218851596623
11,145,4,3.25432878772485
11,146,0,-3.33988968017342
11,147,-7,2.81990375938977
11,148,4,8.52015268984507
11,149,-4,2.67228150158206
11,150,7,13.5084931264292
11,151,8,16.3565453079008
11,152,16,-1.76177899762293
11,153,-18,-7.52493479500836
11,154,0,12.2395102340835
11,155,4,7.34555839289986
11,156,16,1.40709516453068
11,157,-1,-20.3020252543669
11,158,-13,-7.63728649196108
11,159,-4,8.20550593536939
11,160,11,-0.756075856596212
12,1,-4,1.02550452758988
12,2,-3,10.5191982267253
12,3,6,-6.34684502888996
12,4,1,-0.0620881499351515
12,5,-1,-2.23630110145991
12,6,8,-2.49716586717932
12,7,-21,-6.37386924524276
12,8,1,15.7467453655215
12,9,2,3.29025483616285
12,10,7,9.5171979393655
12,11,0,-2.77623806105614
12,12,11,4.94336209926277
12,13,-18,-5.86321132778417
12,14,8,3.50281071434439
12,15,-7,-0.809273299350213
12,16,20,8.1799708069554
12,17,-10,-14.5266662882516
12,18,4,7.90191814930936
12,19,14,8.02438904323306
12,20,11,-2.15230860014401
12,21,3,-10.6177634112957
12,22,-22,-6.24472837450991
12,23,-7,11.3532123953638
12,24,11,-0.630498810817021
12,25,0,-4.0916661907875
12,26,0,1.95503800694066
12,27,-3,9.51056751237762
12,28,21,8.43548083418026
12,29,-3,-7.47886936547811
12,30,4,0.266420571702604
12,31,-7,-8.63349680731982
12,32,-14,-8.01281259452344
12,33,8,7.0234950107488
12,34,19,0.12938999944503
12,35,-6,-9.57177706098947
12,36,2,2.08771706247365
12,37,-22,-2.86067187075541
12,38,0,21.2025050469843
12,39,-4,-0.747072571534264
12,40,2,17.2641513746522
12,41,3,-1.07310275148767
12,42,2,12.9192744917753
12,43,8,5.72902567903559
12,44,-8,-3.52760609008651
12,45,0,5.31555616741245
12,46,0,-10.9772606199494
12,47,14,2.69967750827184
12,48,-14,-8.73337470471649
12,49,0,11.3008923540267
12,50,0,4.78076149607505
12,51,4,6.72211380043879
12,52,-5,-1.7407323764874
12,53,5,7.89613151929538
12,54,1,-2.75177249696921
12,55,-10,3.31978350674542
12,56,15,9.06946272740446
12,57,-8,-14.4128494849913
12,58,11,5.82199401227468
12,59,-11,-4.89814052088487
12,60,-7,8.55779850362671
12,61,4,9.54470086074993
12,62,0,-3.77578804948193
12,63,0,7.69965799104959
12,64,-3,0.247203349573092
12,65,3,4.98964510123614
12,66,15,4.73515110676798
12,67,-11,-12.8959086179215
12,68,-7,5.8193585291422
12,69,-4,4.33668742097026
12,70,-2,8.48337960816487
12,71,5,9.37283946351698
12,72,-8,6.97456094482748
12,73,1,18.3347089944116
12,74,-3,10.1061487737263
12,75,18,9.31276096136443
12,76,-4,-11.8105958113603
12,77,-3,-1.20202489889819
12,78,2,7.47678316389448
12,79,3,9.21557020068856
12,80,6,0.675887453196837
12,81,15,-2.05744269693915
12,82,-17,-17.0834935726478
12,83,-6,5.10841836657765
12,84,-3,4.82171355512227
12,85,2,7.66161055977785
12,86,0,1.96098063104333
12,87,3,10.4108481550154
12,88,-4,5.62963962186425
12,89,0,10.3838135408568
12,90,4,-0.0472392170683444
12,91,8,-6.51543055802222
12,92,3,-4.76253359997791
12,93,-7,-3.74282434157311
12,94,-6,3.64176400892695
12,95,-1,3.56915159760605
12,96,7,4.54089139983796
12,97,10,2.90677968138165
12,98,-7,-3.31019096049905
12,99,4,8.34657026118276
12,100,-4,-4.88009380340961
12,101,4,2.16986930458961
12,102,-4,-6.40013230222806
12,103,4,4.97008037733092
12,104,-3,-0.49319429874099
12,105,-5,5.38045457520841
12,106,-12,5.98263854512602
12,107,5,18.1987260081126
12,108,4,8.22914373434788
12,109,-4,13.1017847829401
12,110,15,12.0826684776018
12,111,-4,-5.81798137813393
12,112,0,2.57854095968283
12,113,-11,0.66309534208971
12,114,1,8.4987697641727
12,115,0,-2.73107182261716
12,116,7,7.52393648180564
12,117,-1,-1.94807004015995
12,118,-6,9.21718100120805
12,119,-2,6.35909526790425
12,120,22,6.98874512372752
12,121,2,-12.580591853053
12,122,-15,-16.7121898303171
12,123,3,13.8188320762728
12,124,-11,-5.55719232627606
12,125,7,8.42702592640019
12,126,-3,-4.06408333886575
12,127,-2,8.86192454935926
12,128,6,15.5352880411956
12,129,-4,-3.31692220511947
12,130,-3,9.56664742056263
12,131,7,0.286523575239336
12,132,-4,-2.28589140964466
12,133,0,5.19584541498665
12,134,8,1.48622668966366
12,135,-10,-1.91148250616226
12,136,-10,-6.15114990337081
12,137,-12,3.13588208166942
12,138,4,12.2241352959208
12,139,3,-2.49693817297118
12,140,13,3.50093362058293
12,141,-4,2.11374363998984
12,142,4,-5.91150793305402
12,143,-23,-0.580338883220515
12,144,4,3.96124087965202
12,145,0,-2.13342349345081
12,146,-7,2.40649843818287
12,147,4,7.72271117764615
12,148,-4,2.83904925503695
12,149,7,12.9241214191633
12,150,8,13.895570946535
12,151,16,0.411296356238259
12,152,-18,-7.22252698965164
12,153,0,11.2989882213677
12,154,4,7.86405244474174
12,155,16,1.40426542524567
12,156,-1,-19.1933258808758
12,157,-13,-6.0948236610593
12,158,-4,8.03111249884329
12,159,11,1.39960857054535
12,160,-6,-11.4037415759751
13,1,6,-6.01422949408151
13,2,1,1.39791414044349
13,3,-1,-4.04140037231192
13,4,8,-3.56870913049604
13,5,-21,-5.07062988021118
13,6,1,16.8109126285738
13,7,2,1.99887762265692
13,8,7,10.0653965402397
13,9,0,-2.86457652273022
13,10,11,5.45895807367458
13,11,-18,-3.59646755620103
13,12,8,3.01379264343941
13,13,-7,1.55025673823443
13,14,20,6.13843359053011
13,15,-10,-15.1571035998368
13,16,4,6.21248123976565
13,17,14,8.23086804703282
13,18,11,-1.02764314680239
13,19,3,-9.54226117502523
13,20,-22,-5.09153429145667
13,21,-7,13.5940248077086
13,22,11,-0.739702721208433
13,23,0,-3.19694366983767
13,24,0,-1.02270576274218
13,25,-3,9.255743335081
13,26,21,10.5495580389974
13,27,-3,-5.17315232125472
13,28,4,1.00523123167496
13,29,-7,-8.52303416179131
13,30,-14,-9.41904350449134
13,31,8,6.20240147361888
13,32,19,-0.124224740035847
13,33,-6,-9.87460895402348
13,34,2,-0.661265144340897
13,35,-22,-1.39601244366231
13,36,0,24.5563774702598
13,37,-4,0.95311158499419
13,38,2,15.2474487713646
13,39,3,-3.60919287686341
13,40,2,14.9588506875945
13,41,8,7.7569189583947
13,42,-8,-2.23556647876898
13,43,0,4.27381768611866
13,44,0,-12.1884978323929
13,45,14,2.4816658376129
13,46,-14,-8.36426100125964
13,47,0,8.63145286954678
13,48,0,4.38137197418799
13,49,4,7.69576727016425
13,50,-5,-0.230273245787543
13,51,5,6.10437883455601
13,52,1,-2.91311747045639
13,53,-10,4.04739683056569
13,54,15,7.3452596963343
13,55,-8,-13.2568329020102
13,56,11,3.95648167681369
13,57,-11,-4.80663600270298
13,58,-7,8.117725106998
13,59,4,6.59119542253688
13,60,0,-3.98658379536599
13,61,0,8.13816389236604
13,62,-3,-1.36527739107125
13,63,3,4.18820287439729
13,64,15,6.02219034303673
13,65,-11,-10.8803176067862
13,66,-7,3.22552388007439
13,67,-4,2.72534936225205
13,68,-2,8.71849192729239
13,69,5,10.0713308651555
13,70,-8,6.14087865755576
13,71,1,16.5318516011712
13,72,-3,10.7117610742422
13,73,18,10.0873426505304
13,74,-4,-11.3219251191959
13,75,-3,-2.96301004109265
13,76,2,6.78937233276164
13,77,3,8.69413491250793
13,78,6,0.533102810340758
13,79,15,-0.785599561455173
13,80,-17,-14.5633765843564
13,81,-6,3.81077486210865
13,82,-3,2.94005221995667
13,83,2,7.23300424598931
13,84,0,2.68875399651763
13,85,3,9.23462713783688
13,86,-4,5.71724443304118
13,87,0,10.8964347230632
13,88,4,0.126984760393204
13,89,8,-6.57844838942168
13,90,3,-4.59836473671284
13,91,-7,-4.04971018771536
13,92,-6,2.63655687407296
13,93,-1,2.40916004269245
13,94,7,3.70795195426223
13,95,10,2.30354780706353
13,96,-7,-3.00116069051072
13,97,4,7.80580523919913
13,98,-4,-3.74896063280699
13,99,4,1.97333345535521
13,100,-4,-7.29727575298847
13,101,4,3.30944702558479
13,102,-3,-1.11953074987285
13,103,-5,5.1408512391282
13,104,-12,4.88726945423866
13,105,5,16.2220470897664
13,106,4,8.59808978501603
13,107,-4,13.3619568814822
13,108,15,11.1123791537709
13,109,-4,-3.38441028529177
13,110,0,2.82189950483385
13,111,-11,-0.403566182386129
13,112,1,6.89084729561855
13,113,0,-1.64648455831921
13,114,7,6.67214099969062
13,115,-1,-2.93954863107066
13,116,-6,9.25764462597385
13,117,-2,6.31770069635856
13,118,22,6.68772055150712
13,119,2,-13.0088038230623
13,120,-15,-19.3335845597514
13,121,3,11.8995265331365
13,122,-11,-4.38668883473416
13,123,7,11.5307134391207
13,124,-3,-6.18461318543697
13,125,-2,6.44581264634361
13,126,6,15.3842085233937
13,127,-4,-1.34054265687899
13,128,-3,9.2878134722976
13,129,7,-1.25913951256288
13,130,-4,-1.35777514754216
13,131,0,4.07736164920345
13,132,8,0.640409972950077
13,133,-10,-0.668442499622467
13,134,-10,-2.50115067950843
13,135,-12,0.838115462134951
13,136,4,9.9422654173749
13,137,3,-1.45579999751482
13,138,13,5.08119533021821
13,139,-4,3.20217600397208
13,140,4,-7.06877322574659
13,141,-23,-0.784339200235362
13,142,4,1.19542641219363
13,143,0,-2.20647760145469
13,144,-7,2.71565472896777
13,145,4,5.75739103411112
13,146,-4,2.82036866485543
13,147,7,12.6672898058727
13,148,8,14.220684898622
13,149,16,1.72154943175863
13,150,-18,-5.89843621831564
13,151,0,9.37955792392868
13,152,4,8.14819492707015
13,153,16,3.67753400228623
13,154,-1,-16.434862044734
13,155,-13,-8.47636303597167
13,156,-4,5.644517526285
13,157,11,1.55222092228716
13,158,-6,-7.91494699970076
13,159,-7,-2.47345842122884
13,160,13,9.72674393527897
14,1,1,0.975690360324465
14,2,-1,-4.12321343320734
14,3,8,-2.47726249199955
14,4,-21,-5.62504775838228
14,5,1,14.8093335596059
14,6,2,2.16015443522534
14,7,7,10.3096132667094
14,8,0,-3.55716873814082
14,9,11,4.30114960938734
14,10,-18,-4.70106784077769
14,11,8,2.41978494850899
14,12,-7,-0.475232663501869
14,13,20,6.55242161415703
14,14,-10,-12.7029442446897
14,15,4,6.4024459546283
14,16,14,8.00003443806335
14,17,11,-2.75822381214194
14,18,3,-10.1168583937726
14,19,-22,-2.54656774092302
14,20,-7,12.3316942291023
14,21,11,-3.32189303043848
14,22,0,-4.00076086321031
14,23,0,1.42731394903088
14,24,-3,9.76261580176869
14,25,21,9.39815481387734
14,26,-3,-7.35460318594934
14,27,4,-0.388054592886749
14,28,-7,-7.2818237994569
14,29,-14,-7.30440773523997
14,30,8,6.03782810767457
14,31,19,-2.3177968121838
14,32,-6,-7.2573125465617
14,33,2,2.38898523032843
14,34,-22,0.772837933646059
14,35,0,21.4407232582017
14,36,-4,-5.68862412899953
14,37,2,16.8990007618175
14,38,3,-2.92079136632441
14,39,2,11.2996261360624
14,40,8,6.45771247268756
14,41,-8,-6.80937368600795
14,42,0,5.95848513985014
14,43,0,-11.3373109541616
14,44,14,3.12351682852217
14,45,-14,-8.81312507728593
14,46,0,12.0246572944969
14,47,0,5.83409656314774
14,48,4,6.20490791431734
14,49,-5,-0.783549479939943
14,50,5,6.88031708013073
14,51,1,-2.44674096302646
14,52,-10,4.34081051691289
14,53,15,7.55225992122916
14,54,-8,-15.7639044202109
14,55,11,7.53782789135092
14,56,-11,-5.14946270432309
14,57,-7,10.5224371509922
14,58,4,9.92022706307587
14,59,0,-4.30216595978455
14,60,0,5.91263681160671
14,61,-3,-1.38765858350244
14,62,3,4.61654906920363
14,63,15,3.75471975621914
14,64,-11,-14.5204039387337
14,65,-7,7.11508909150227
14,66,-4,5.67204765686826
14,67,-2,8.50543365050966
14,68,5,7.24274363111216
14,69,-8,5.84424580239604
14,70,1,18.0615692599602
14,71,-3,7.51624795071336
14,72,18,8.66350786819537
14,73,-4,-11.9329833084934
14,74,-3,-0.532933652402223
14,75,2,10.8754362047339
14,76,3,8.53763136937884
14,77,6,0.78954582971744
14,78,15,-3.20075497460633
14,79,-17,-16.9030970865945
14,80,-6,5.78726911461935
14,81,-3,5.63819908261159
14,82,2,8.38095500296374
14,83,0,0.707300681525569
14,84,3,9.35576479091233
14,85,-4,5.16159739818423
14,86,0,8.12575586186768
14,87,4,-1.3895308696479
14,88,8,-6.91511581552025
14,89,3,-4.5188081830859
14,90,-7,-3.63103583076894
14,91,-6,5.16606364989787
14,92,-1,2.31460458282433
14,93,7,4.03652995032185
14,94,10,2.66245345137306
14,95,-7,-3.32862476983569
14,96,4,9.97250547459394
14,97,-4,-4.90504958676589
14,98,4,2.25381628683317
14,99,-4,-7.6420228733386
14,100,4,4.93555450774152
14,101,-3,-1.18011258046287
14,102,-5,4.54572142337923
14,103,-12,5.88258741720477
14,104,5,16.6558005359924
14,105,4,7.43124037887166
14,106,-4,12.4398563977019
14,107,15,11.6116187553772
14,108,-4,-7.12543756579922
14,109,0,3.6923133233947
14,110,-11,0.755222923881838
14,111,1,9.22905960823866
14,112,0,-3.54481513237408
14,113,7,6.49388767994066
14,114,-1,-3.40087962587585
14,115,-6,8.57523028100763
14,116,-2,6.99714816135564
14,117,22,4.71682004571839
14,118,2,-9.27002082652533
14,119,-15,-15.5289350811512
14,120,3,18.002577345213
14,121,-11,-6.52333258647822
14,122,7,7.99893675877561
14,123,-3,-7.42436928632922
14,124,-2,8.53320001323425
14,125,6,15.0638089569938
14,126,-4,-5.67061617536563
14,127,-3,10.5716312379007
14,128,7,-1.82538155461789
14,129,-4,-2.32186692562523
14,130,0,5.26665393500812
14,131,8,0.77769228054989
14,132,-10,-1.64431266112067
14,133,-10,-5.40345728376671
14,134,-12,2.0509287110543
14,135,4,13.6872386321824
14,136,3,-2.31713756513582
14,137,13,1.325759518344
14,138,-4,2.08114949665947
14,139,4,-7.9900779008146
14,140,-23,0.155339911645767
14,141,4,3.48221986244025
14,142,0,-2.79868071198425
14,143,-7,2.26311602510151
14,144,4,6.98334534092045
14,145,-4,2.0073144616358
14,146,7,13.7458545894761
14,147,8,13.8286183644501
14,148,16,-2.049517360104
14,149,-18,-7.56008418391784
14,150,0,12.8854618056044
14,151,4,8.32576283566907
14,152,16,2.24674558976858
14,153,-1,-21.4875809539481
14,154,-13,-5.93571331725692
14,155,-4,10.9179849133146
14,156,11,-1.79596757805478
14,157,-6,-11.6199451213602
14,158,-7,0.69748178178429
14,159,13,12.3063162008595
14,160,2,-2.07404164396947
15,1,-1,-3.40241677374877
15,2,8,-3.44162163934393
15,3,-21,-6.73377622708178
15,4,1,15.0283240821513
15,5,2,0.67506863923061
15,6,7,7.92977991021371
15,7,0,-4.63795946303657
15,8,11,6.43056208965647
15,9,-18,-6.80169140575206
15,10,8,3.62461021515526
15,11,-7,-1.3050726986041
15,12,20,7.48913760923021
15,13,-10,-13.8763874146252
15,14,4,7.08654334111268
15,15,14,7.00870987548715
15,16,11,-1.46313526880912
15,17,3,-8.7987466616646
15,18,-22,-5.24615923131006
15,19,-7,10.9666140744755
15,20,11,-0.680270910157157
15,21,0,-4.93109455945004
15,22,0,-0.0328201457243722
15,23,-3,9.8478012169585
15,24,21,8.84103923770469
15,25,-3,-6.28828086499455
15,26,4,0.108476517557677
15,27,-7,-9.12629206810045
15,28,-14,-8.03998059648929
15,29,8,7.54694440788918
15,30,19,-1.02500574135838
15,31,-6,-9.15206895624809
15,32,2,0.21769341027212
15,33,-22,-0.80523197751366
15,34,0,20.8539088964528
15,35,-4,0.0015855935579796
15,36,2,15.6866565393464
15,37,3,-3.22225906544889
15,38,2,14.0920044904139
15,39,8,5.33559723976436
15,40,-8,-3.03100141809978
15,41,0,5.31991469824461
15,42,0,-13.2645056841338
15,43,14,1.89155384722492
15,44,-14,-7.8167151188872
15,45,0,11.857261034358
15,46,0,3.91541500546322
15,47,4,5.98980241444145
15,48,-5,-2.33888517293388
15,49,5,6.49884165029557
15,50,1,-3.60635171886815
15,51,-10,2.91674988959319
15,52,15,7.99568680266663
15,53,-8,-12.6231954155055
15,54,11,4.46494164666143
15,55,-11,-4.83375297614828
15,56,-7,9.07255871542171
15,57,4,9.22971989184775
15,58,0,-5.68141799116385
15,59,0,6.71002156059429
15,60,-3,-1.3665244665814
15,61,3,5.29335481776902
15,62,15,4.02896328578047
15,63,-11,-11.2170348285568
15,64,-7,5.91494093791804
15,65,-4,4.52820910435064
15,66,-2,7.33471387227427
15,67,5,8.77885816111447
15,68,-8,6.87065650998598
15,69,1,18.3731815816674
15,70,-3,9.5864922706455
15,71,18,8.59935685252102
15,72,-4,-10.2861298349721
15,73,-3,-1.13025788859348
15,74,2,8.56755955727092
15,75,3,8.58366042621163
15,76,6,0.16544409563092
15,77,15,-1.60600895579791
15,78,-17,-14.7101570574142
15,79,-6,4.07231500259048
15,80,-3,4.4722667724672
15,81,2,6.03976726163446
15,82,0,1.31399628192222
15,83,3,10.4894290208662
15,84,-4,5.4609921940617
15,85,0,10.5674213646797
15,86,4,-0.899557102623329
15,87,8,-7.19905869260883
15,88,3,-5.24385709539933
15,89,-7,-3.22826933076966
15,90,-6,2.38324863949242
15,91,-1,2.98950426879582
15,92,7,2.88554147569447
15,93,10,1.80200534067387
15,94,-7,-2.84901300560053
15,95,4,7.50779583907954
15,96,-4,-5.97724724546692
15,97,4,1.24815424213382
15,98,-4,-7.0727236594957
15,99,4,4.69470838973232
15,100,-3,-1.56835992098794
15,101,-5,5.21445552592559
15,102,-12,5.08878311998681
15,103,5,18.0372098159049
15,104,4,6.72954581260136
15,105,-4,12.6469281281549
15,106,15,11.0742185283099
15,107,-4,-2.44908651665602
15,108,0,2.11018055955872
15,109,-11,0.581559250070336
15,110,1,8.608449107266
15,111,0,-2.519045067489
15,112,7,6.67120849346171
15,113,-1,-3.74610574850549
15,114,-6,10.2630915515147
15,115,-2,4.29614069525417
15,116,22,6.73072360502495
15,117,2,-11.8919714225092
15,118,-15,-17.9935996293844
15,119,3,16.1227219195623
15,120,-11,-5.72101501730996
15,121,7,10.8767546123809
15,122,-3,-6.05384662110155
15,123,-2,8.95088718058791
15,124,6,12.9580374624845
15,125,-4,-3.44421316570533
15,126,-3,8.87388742781432
15,127,7,-0.982464098500814
15,128,-4,-3.20031191029026
15,129,0,4.46792790090593
15,130,8,-0.398865374427524
15,131,-10,-2.40125343611061
15,132,-10,-4.39142346613455
15,133,-12,0.136770509023054
15,134,4,13.1889255676665
15,135,3,-4.49965199657599
15,136,13,2.84263893998041
15,137,-4,6.11212489228867
15,138,4,-8.40824028981161
15,139,-23,-0.515712504230871
15,140,4,3.76869814299695
15,141,0,-2.91446950645567
15,142,-7,1.44172270387257
15,143,4,6.98898909929678
15,144,-4,2.90165103971031
15,145,7,12.2141770148701
15,146,8,13.6671297275878
15,147,16,-0.524609743205394
15,148,-18,-4.96536714565298
15,149,0,9.72132421215401
15,150,4,8.920201031966
15,151,16,-0.29622399144757
15,152,-1,-16.2180699971418
15,153,-13,-5.28330813007354
15,154,-4,8.4660090103505
15,155,11,0.414399589695186
15,156,-6,-10.8015272394279
15,157,-7,-0.680107751152522
15,158,13,12.0063338110731
15,159,2,-0.360106195732164
15,160,-15,-1.82646419843954
16,1,8,0.26683350075124
16,2,-21,-0.950044003404233
16,3,1,6.1189942872921
16,4,2,-1.24008758983068
16,5,7,10.1692521163145
16,6,0,-4.87785079872118
16,7,11,2.65013254063968
16,8,-18,4.78023984254374
16,9,8,3.90751517116194
16,10,-7,3.15933342795344
16,11,20,4.40080046536632
16,12,-10,-11.9345554901188
16,13,4,6.96587235869003
16,14,14,8.61102557870093
16,15,11,-3.78959928820813
16,16,3,-14.3418515823833
16,17,-22,-4.59627449659321
16,18,-7,6.43764856208787
16,19,11,-8.36280654967001
16,20,0,-0.219394128344131
16,21,0,6.63376437915752
16,22,-3,13.053552601237
16,23,21,13.390254493894
16,24,-3,3.10089425792059
16,25,4,-3.45174840986379
16,26,-7,-8.99793617758185
16,27,-14,-7.26126545387503
16,28,8,2.79074887966724
16,29,19,0.320763193551931
16,30,-6,-9.48879779544405
16,31,2,3.44752013378013
16,32,-22,-2.32239984396736
16,33,0,20.4325443089166
16,34,-4,-11.1095615262002
16,35,2,24.0095581689029
16,36,3,5.97950096954477
16,37,2,8.7559832911671
16,38,8,8.31697628846861
16,39,-8,-5.92432884016278
16,40,0,1.21560334569105
16,41,0,-11.6074043026074
16,42,14,4.09241881130858
16,43,-14,-6.10294027929553
16,44,0,7.01370079332283
16,45,0,5.65241307219314
16,46,4,5.3245119805446
16,47,-5,-1.07292809762844
16,48,5,4.37687101582794
16,49,1,-0.63505345082356
16,50,-10,6.70208595565145
16,51,15,5.84608608356199
16,52,-8,-14.9662544363499
16,53,11,5.04773192251246
16,54,-11,-3.56468176168416
16,55,-7,2.15332169247574
16,56,4,12.6038451505741
16,57,0,3.48784726528583
16,58,0,4.53692717905712
16,59,-3,0.0666359396233185
16,60,3,8.31867711173935
16,61,15,6.40741097911909
16,62,-11,-16.1170733240426
16,63,-7,2.65607365368218
16,64,-4,3.57432593595543
16,65,-2,5.49998457431176
16,66,5,6.89146516124072
16,67,-8,11.4137323569263
16,68,1,23.744924767686
16,69,-3,6.90493416782458
16,70,18,3.69810333812085
16,71,-4,-12.5028111305937
16,72,-3,-0.0649266298190643
16,73,2,13.5265120532597
16,74,3,12.6742330556452
16,75,6,1.07226612151781
16,76,15,-5.92278092315793
16,77,-17,-18.7943275049413
16,78,-6,-0.156495907276785
16,79,-3,4.35800764165361
16,80,2,9.04666145278482
16,81,0,1.96433316890726
16,82,3,12.6354662765684
16,83,-4,15.5992058691004
16,84,0,5.83798117061228
16,85,4,-5.241161507017
16,86,8,-6.13044694425852
16,87,3,-4.58878428453563
16,88,-7,-4.39431846923948
16,89,-6,2.7908329923275
16,90,-1,1.84528225352701
16,91,7,4.23840460726217
16,92,10,6.82596021094352
16,93,-7,-2.93113303064424
16,94,4,5.34873955384869
16,95,-4,-6.34615097667158
16,96,4,-0.339317893593111
16,97,-4,-3.40593459110319
16,98,4,8.35216529127251
16,99,-3,3.6691776884065
16,100,-5,2.46502393246414
16,101,-12,3.73507393804732
16,102,5,16.2921826158946
16,103,4,3.79665956275999
16,104,-4,12.161457884667
16,105,15,8.08257913821666
16,106,-4,-4.99013023877737
16,107,0,1.9458067593373
16,108,-11,3.93895675355724
16,109,1,9.69177470841474
16,110,0,-6.57539128718659
16,111,7,9.28751415062663
16,112,-1,1.38969010713488
16,113,-6,6.72978159552818
16,114,-2,6.29101954837808
16,115,22,5.85170950954329
16,116,2,-13.2727627740873
16,117,-15,-11.4790504101502
16,118,3,14.9895999694891
16,119,-11,-8.37815296704406
16,120,7,-1.15200113990898
16,121,-3,-1.07488556534851
16,122,-2,16.058892046645
16,123,6,20.5032974640171
16,124,-4,-8.91221847827207
16,125,-3,10.2317708619467
16,126,7,0.991559314261298
16,127,-4,-1.95068139192305
16,128,0,2.13869358226149
16,129,8,1.68383847723588
16,130,-10,-0.412289605550193
16,131,-10,-5.29404915283369
16,132,-12,-4.18513169404846
16,133,4,13.0451267390315
16,134,3,-1.62616834395888
16,135,13,-0.242647568507572
16,136,-4,-1.3044724943594
16,137,4,-3.38737915457027
16,138,-23,1.768705222444
16,139,4,7.87904825269902
16,140,0,-1.12838547333982
16,141,-7,-1.76301415933024
16,142,4,5.97808756114425
16,143,-4,3.52028403839973
16,144,7,12.5604715064791
16,145,8,12.3105426758192
16,146,16,-2.76754768035999
16,147,-18,-7.06166972202513
16,148,0,8.35130557286651
16,149,4,5.05404686045748
16,150,16,1.2157935384127
16,151,-1,-19.9439238574348
16,152,-13,-0.817336654718471
16,153,-4,21.7550687720873
16,154,11,-5.79733877455088
16,155,-6,-15.2928527577502
16,156,-7,0.679984161168138
16,157,13,17.16156763681
16,158,2,0.172330605231007
16,159,-15,-11.4266606496226
16,160,4,17.6019547679211
17,1,-21,-4.11406197010987
17,2,1,17.1039821922745
17,3,2,3.87808195958872
17,4,7,10.0150266852948
17,5,0,-1.00803574792149
17,6,11,6.38289819896384
17,7,-18,-1.97483916587991
17,8,8,3.72438802150558
17,9,-7,0.630205354249572
17,10,20,7.03663464186073
17,11,-10,-13.4384286073682
17,12,4,7.33564333610193
17,13,14,8.69996087249906
17,14,11,-0.733682342532338
17,15,3,-6.67966423872709
17,16,-22,-4.64716340603807
17,17,-7,14.238715073303
17,18,11,-0.858438069953508
17,19,0,-2.98855767949233
17,20,0,-0.15752321274059
17,21,-3,9.73502862765009
17,22,21,10.5900859795332
17,23,-3,-3.29935501430841
17,24,4,1.04790710422651
17,25,-7,-8.19933673913499
17,26,-14,-12.4487060391907
17,27,8,5.2569805492982
17,28,19,-0.0952481272585413
17,29,-6,-8.54293840949501
17,30,2,2.98066126999816
17,31,-22,-2.56991106064757
17,32,0,23.8093948051105
17,33,-4,-0.867111765740429
17,34,2,16.3147617131934
17,35,3,-3.14010680211991
17,36,2,13.7020144885593
17,37,8,9.26450497533129
17,38,-8,-0.189829927366529
17,39,0,5.9689169511976
17,40,0,-12.9361410473695
17,41,14,2.44451004185858
17,42,-14,-6.83067863485602
17,43,0,9.73187460169188
17,44,0,4.70929445311785
17,45,4,8.03174222978224
17,46,-5,-0.0218904187016511
17,47,5,7.67449012657668
17,48,1,-1.397544211721
17,49,-10,3.28381286666401
17,50,15,10.1633113937427
17,51,-8,-12.2751181472222
17,52,11,3.81137535949195
17,53,-11,-3.76454327085211
17,54,-7,7.39968800542026
17,55,4,7.00927578151876
17,56,0,-5.17669408188782
17,57,0,8.49229713995473
17,58,-3,0.959226609750243
17,59,3,3.32458382664891
17,60,15,6.90773605366094
17,61,-11,-11.3626110170005
17,62,-7,5.8349716606897
17,63,-4,1.86070354364262
17,64,-2,8.61799817258066
17,65,5,8.41687619865215
17,66,-8,6.21052019540134
17,67,1,17.015632795984
17,68,-3,13.241625098243
17,69,18,9.79927286999717
17,70,-4,-10.4392771426474
17,71,-3,-2.67045025495732
17,72,2,6.97496594345272
17,73,3,8.69936556456805
17,74,6,-0.48036371426387
17,75,15,1.6875099996127
17,76,-17,-12.655989703203
17,77,-6,6.06730590060461
17,78,-3,3.38140422978995
17,79,2,7.57120921556677
17,80,0,0.891160419946138
17,81,3,8.52422007498052
17,82,-4,7.6799742315662
17,83,0,11.7167650349069
17,84,4,2.07665953721015
17,85,8,-8.71871633891307
17,86,3,-3.59520154315257
17,87,-7,-1.31240683690431
17,88,-6,4.31471720241547
17,89,-1,4.40402797559504
17,90,7,3.78811228887572
17,91,10,2.82453847886717
17,92,-7,-2.56173772338964
17,93,4,9.784040156089
17,94,-4,-2.72464054528139
17,95,4,1.74513507097356
17,96,-4,-4.9255770413791
17,97,4,2.32457777860121
17,98,-3,1.61548074254172
17,99,-5,4.64453226516827
17,100,-12,7.5441736044196
17,101,5,15.4400660039309
17,102,4,8.62116905504233
17,103,-4,14.4361598563815
17,104,15,13.9016545088574
17,105,-4,-0.940058203410381
17,106,0,2.85885842518513
17,107,-11,0.521765587421485
17,108,1,5.97719919621017
17,109,0,-3.91793458069667
17,110,7,7.19404520895724
17,111,-1,-1.02849252351221
17,112,-6,10.2339355010069
17,113,-2,8.05623150981141
17,114,22,7.1290667388066
17,115,2,-12.8397059778405
17,116,-15,-18.0445355660402
17,117,3,10.6763974689368
17,118,-11,-3.54499216094603
17,119,7,7.23583830081346
17,120,-3,-3.35705260261539
17,121,-2,7.21534191497372
17,122,6,18.0094863991258
17,123,-4,-2.5111386656039
17,124,-3,9.58654158543886
17,125,7,-0.38500786185844
17,126,-4,-2.28843384471745
17,127,0,3.11956473499646
17,128,8,2.69877048917993
17,129,-10,-1.57512788016193
17,130,-10,-2.38492239719806
17,131,-12,3.70440149104393
17,132,4,10.0436943917051
17,133,3,-3.44444591781394
17,134,13,3.94044266396991
17,135,-4,0.0573370091484087
17,136,4,-4.83498656833936
17,137,-23,-0.980469240036319
17,138,4,3.03970570163664
17,139,0,-0.985722995727359
17,140,-7,2.57634912413242
17,141,4,8.64921038513737
17,142,-4,3.52111021905969
17,143,7,12.8835186243761
17,144,8,13.1657923429227
17,145,16,0.79098750427916
17,146,-18,-5.31652428624724
17,147,0,11.0346260117243
17,148,4,8.17220910243285
17,149,16,4.20967237553938
17,150,-1,-17.5902707550198
17,151,-13,-5.56979812761227
17,152,-4,5.35657572201355
17,153,11,1.36088047117571
17,154,-6,-10.1489037064607
17,155,-7,-4.19000479422315
17,156,13,11.3273911393875
17,157,2,0.928978653825101
17,158,-15,-0.183807604589241
17,159,4,15.3133735428322
17,160,-4,-6.47344145445386
18,1,7,7.75442693938451
18,2,0,-2.52446977404077
18,3,11,9.10590780095937
18,4,-18,-6.72952305979092
18,5,8,1.76859355046573
18,6,-7,-4.59263795778208
18,7,20,10.4432030455162
18,8,-10,-11.7148540042678
18,9,4,5.81851662187989
18,10,14,7.50308539228123
18,11,11,-3.3913663381013
18,12,3,-7.39737815244789
18,13,-22,-6.2945457995094
18,14,-7,10.6419370260043
18,15,11,1.07249378351044
18,16,0,-5.30853612163283
18,17,0,-0.549256401279915
18,18,-3,13.3335857481498
18,19,21,6.65056919434422
18,20,-3,-7.09650009156494
18,21,4,-0.693260154971032
18,22,-7,-10.0616398121682
18,23,-14,-8.11006802992999
18,24,8,8.32270668903313
18,25,19,0.336597643263863
18,26,-6,-7.79285142712649
18,27,2,-0.765215209594237
18,28,-22,-4.89469064558513
18,29,0,16.5470636634955
18,30,-4,3.64137563138016
18,31,2,17.5550415437647
18,32,3,-3.14203383663493
18,33,2,15.3754718478834
18,34,8,4.46072184230909
18,35,-8,-5.07787457323292
18,36,0,7.12526050885148
18,37,0,-9.88810509380865
18,38,14,1.82599673304297
18,39,-14,-12.6312016368931
18,40,0,14.5383267615896
18,41,0,4.54504008653139
18,42,4,7.17983501264612
18,43,-5,-3.57128086276756
18,44,5,7.70826418638653
18,45,1,-0.272132171337193
18,46,-10,-1.15046438625102
18,47,15,11.9282617247254
18,48,-8,-13.4571000457773
18,49,11,3.37445083426381
18,50,-11,-6.4167743157727
18,51,-7,9.63729850891094
18,52,4,12.3636356352119
18,53,0,-8.63883748041384
18,54,0,9.88024703634824
18,55,-3,3.32946493145027
18,56,3,4.7112771325239
18,57,15,3.91156348504157
18,58,-11,-13.0140998489909
18,59,-7,4.55817400886793
18,60,-4,2.41974471015391
18,61,-2,7.9826607814045
18,62,5,10.1820307560755
18,63,-8,8.8211132210951
18,64,1,16.0049758568733
18,65,-3,12.2740978898013
18,66,18,8.90474757641312
18,67,-4,-12.7947223226447
18,68,-3,-3.9268788534935
18,69,2,2.2308391731476
18,70,3,7.46073276075372
18,71,6,0.97076374260862
18,72,15,0.282326746299392
18,73,-17,-16.6319462185094
18,74,-6,3.6504705983925
18,75,-3,0.248849812569563
18,76,2,3.97972446262359
18,77,0,2.7435267994028
18,78,3,14.2628388352673
18,79,-4,6.66524839149923
18,80,0,11.3019963915574
18,81,4,0.533327018982652
18,82,8,-7.2326681640326
18,83,3,-7.81449070703552
18,84,-7,-4.1238408776102
18,85,-6,5.23968625095561
18,86,-1,3.64076055294248
18,87,7,4.83700050511169
18,88,10,-0.0127491586842288
18,89,-7,-2.67247546313362
18,90,4,10.7656239623233
18,91,-4,-5.22955445748427
18,92,4,2.11210868602515
18,93,-4,-6.92832107721212
18,94,4,3.71471959798768
18,95,-3,-0.777143946208415
18,96,-5,6.57439482849969
18,97,-12,7.59002081393883
18,98,5,16.2596556815563
18,99,4,8.00173905428037
18,100,-4,10.8518551986421
18,101,15,14.7313381046512
18,102,-4,-8.06033891051178
18,103,0,1.63712150147597
18,104,-11,-2.30770577548133
18,105,1,5.34630770134018
18,106,0,-3.54933649588616
18,107,7,10.1012323313527
18,108,-1,-1.30514995683569
18,109,-6,7.15934568935202
18,110,-2,6.40350736531704
18,111,22,3.066630433001
18,112,2,-11.049934757954
18,113,-15,-20.0109185296227
18,114,3,13.6433764630297
18,115,-11,-7.44163944386707
18,116,7,12.9803898799766
18,117,-3,-3.00606941464599
18,118,-2,7.35155886671613
18,119,6,13.0804777129221
18,120,-4,-3.79299070788715
18,121,-3,9.46892338104477
18,122,7,1.73531554356375
18,123,-4,-1.97805073811693
18,124,0,3.26473636615913
18,125,8,4.00841860780516
18,126,-10,-5.63583431197371
18,127,-10,-7.64599510070343
18,128,-12,4.40839229967452
18,129,4,9.5375261836034
18,130,3,-6.49246735427317
18,131,13,6.24223914416532
18,132,-4,1.1775749147556
18,133,4,-7.26999231060692
18,134,-23,-2.59443440478182
18,135,4,3.88640402760771
18,136,0,-4.00594774660577
18,137,-7,2.3846363881656
18,138,4,10.702442172771
18,139,-4,0.0314714315814605
18,140,7,11.8640634683699
18,141,8,12.9358209903821
18,142,16,-2.73179993542047
18,143,-18,-6.70431286288006
18,144,0,11.5011559127855
18,145,4,3.07591372911068
18,146,16,-0.579999183765936
18,147,-1,-20.4118189201551
18,148,-13,-5.21915934907518
18,149,-4,3.65419182405878
18,150,11,0.265534491568455
18,151,-6,-10.4629165330691
18,152,-7,2.23286952643422
18,153,13,13.6086153308362
18,154,2,-3.17896229544304
18,155,-15,-1.12574641794256
18,156,4,18.1047774464377
18,157,-4,-7.8546895000421
18,158,-2,11.3139010953521
18,159,10,2.51245337382143
18,160,-3,-2.10205753148293
19,1,0,-2.27056677036061
19,2,11,7.66485168877626
19,3,-18,-6.73966281696926
19,4,8,-0.496194688893244
19,5,-7,-3.08007328180568
19,6,20,11.5025027556795
19,7,-10,-16.4254544462443
19,8,4,4.49418762583852
19,9,14,7.20291647573036
19,10,11,-3.55388783979894
19,11,3,-9.03577000681002
19,12,-22,-6.69826216918323
19,13,-7,10.8129661761645
19,14,11,-1.06633102873218
19,15,0,-4.0609425573374
19,16,0,-2.74012214843536
19,17,-3,11.9127212543578
19,18,21,7.06989465781034
19,19,-3,-5.73922717716628
19,20,4,2.95027989601067
19,21,-7,-7.00080774866302
19,22,-14,-9.0893419183859
19,23,8,4.91047018492833
19,24,19,0.301359124357458
19,25,-6,-6.58907233981338
19,26,2,-3.47717885519653
19,27,-22,-3.36769441247348
19,28,0,17.8897476012182
19,29,-4,3.23249012681913
19,30,2,15.8700234825632
19,31,3,-3.39051801503235
19,32,2,16.9159981716225
19,33,8,2.54269888350226
19,34,-8,-6.11764586923947
19,35,0,3.84290131847734
19,36,0,-9.36448072453422
19,37,14,1.12249403309828
19,38,-14,-12.630833562466
19,39,0,10.0120433897158
19,40,0,5.97586343108375
19,41,4,7.29044095021726
19,42,-5,-3.05639987334222
19,43,5,5.46840641178358
19,44,1,-0.644402200249923
19,45,-10,-1.53651466234132
19,46,15,10.192454526203
19,47,-8,-10.4515859513828
19,48,11,2.39156847545904
19,49,-11,-5.15371974627176
19,50,-7,9.75417271445716
19,51,4,8.79966850083682
19,52,0,-6.49932708954022
19,53,0,12.5021110026792
19,54,-3,0.0602593727814194
19,55,3,3.20995027084478
19,56,15,7.90011698749529
19,57,-11,-10.2016177061569
19,58,-7,0.33466280524817
19,59,-4,3.22436399680734
19,60,-2,9.58699413986997
19,61,5,8.96444194860646
19,62,-8,6.69441334817226
19,63,1,14.033535404906
19,64,-3,11.8225478200145
19,65,18,9.25567438201389
19,66,-4,-13.9803220713163
19,67,-3,-5.65098270438128
19,68,2,3.42080135405485
19,69,3,6.0877400826752
19,70,6,0.286433874030971
19,71,15,1.93290454610546
19,72,-17,-14.1296484809877
19,73,-6,1.28775598948808
19,74,-3,1.10841832258975
19,75,2,4.53874729550875
19,76,0,1.29476925449649
19,77,3,12.3724206199004
19,78,-4,5.44172360646633
19,79,0,13.2914086305733
19,80,4,-0.650654294649077
19,81,8,-6.62678832056291
19,82,3,-8.49046087440209
19,83,-7,-7.17734566301787
19,84,-6,2.85066587634065
19,85,-1,1.3124142956954
19,86,7,5.30495191581079
19,87,10,-0.523748364636339
19,88,-7,-4.31976509624397
19,89,4,8.99198064384546
19,90,-4,-1.48003187906117
19,91,4,2.35440705110373
19,92,-4,-8.61951131536834
19,93,4,1.36951567554862
19,94,-3,-2.49130945220814
19,95,-5,8.87141813779886
19,96,-12,7.60688687406662
19,97,5,14.8587502664052
19,98,4,9.97738628461327
19,99,-4,10.3093107139741
19,100,15,12.737099499726
19,101,-4,-9.01697183116055
19,102,0,2.54430523345461
19,103,-11,-1.44505402594995
19,104,1,3.4249045295926
19,105,0,-3.86969273371664
19,106,7,10.7580602589989
19,107,-1,-1.50850594866265
19,108,-6,4.9892705324974
19,109,-2,5.59454257346357
19,110,22,3.08793620974865
19,111,2,-15.8369936993438
19,112,-15,-20.5188354586839
19,113,3,13.4215921583011
19,114,-11,-7.90945166968769
19,115,7,13.7267488524834
19,116,-3,-5.74908881998591
19,117,-2,5.1954005718204
19,118,6,12.1268609837605
19,119,-4,-5.79769386016187
19,120,-3,8.48404980813376
19,121,7,0.456843427289811
19,122,-4,-1.58741384688905
19,123,0,2.76315642786054
19,124,8,5.57941307356335
19,125,-10,-5.73851132906426
19,126,-10,-3.08839491753995
19,127,-12,4.38209230717946
19,128,4,8.5321100772328
19,129,3,-4.12328056017954
19,130,13,5.93116164779128
19,131,-4,5.68296398602124
19,132,4,-8.23393127567811
19,133,-23,-3.88257809061373
19,134,4,-0.383359499079207
19,135,0,-5.52557202940616
19,136,-7,4.50055164458949
19,137,4,11.1208980182584
19,138,-4,-0.993783080941498
19,139,7,11.0225403063453
19,140,8,14.0152044019951
19,141,16,-0.740673802715201
19,142,-18,-7.14490540770706
19,143,0,8.95700025818211
19,144,4,4.71803182484443
19,145,16,3.67387355696048
19,146,-1,-21.2981666739929
19,147,-13,-10.4207083954652
19,148,-4,4.19799416772153
19,149,11,4.47761047360888
19,150,-6,-10.0223496880243
19,151,-7,-0.0877065645552797
19,152,13,11.3346989105335
19,153,2,-0.202474779124539
19,154,-15,-1.10649585764817
19,155,4,15.6036668830004
19,156,-4,-8.26297473878818
19,157,-2,8.98214511128223
19,158,10,2.87245455613689
19,159,-3,-1.62905439689493
19,160,14,-0.579500754601267
20,1,-18,-6.89324305481354
20,2,8,-0.473617095770418
20,3,-7,-1.48988005304802
20,4,20,10.4134055349091
20,5,-10,-14.922941058572
20,6,4,6.86409308910193
20,7,14,7.57189888789202
20,8,11,-2.13401246178089
20,9,3,-5.49787900028235
20,10,-22,-6.20278487162238
20,11,-7,9.01633570558916
20,12,11,1.93783907609243
20,13,0,-2.23520394954886
20,14,0,-3.4813567695939
20,15,-3,14.1886743545361
20,16,21,6.08695140875509
20,17,-3,-4.92769842969382
20,18,4,-0.624082412483027
20,19,-7,-7.31226237294485
20,20,-14,-9.09337019084139
20,21,8,6.0846070068352
20,22,19,2.02262881381956
20,23,-6,-6.43589109017724
20,24,2,-1.31251957353224
20,25,-22,-4.23376992844303
20,26,0,15.3423267805035
20,27,-4,6.03995438848494
20,28,2,15.8748093945818
20,29,3,-3.47596086374655
20,30,2,19.2042237343657
20,31,8,3.69759301444208
20,32,-8,-6.99693904906294
20,33,0,5.42358797946576
20,34,0,-7.46103604848138
20,35,14,1.31631770074976
20,36,-14,-11.2240590066758
20,37,0,10.0935212080977
20,38,0,5.35958479157258
20,39,4,6.59711783447826
20,40,-5,-3.21788267498639
20,41,5,6.06368620991627
20,42,1,1.39730279647928
20,43,-10,-3.8347402555044
20,44,15,10.6623895355041
20,45,-8,-7.26444963746858
20,46,11,0.294605396234788
20,47,-11,-3.23133584051039
20,48,-7,7.65155613011929
20,49,4,8.5686839204989
20,50,0,-8.04503091218695
20,51,0,11.9041048604086
20,52,-3,1.2207644308396
20,53,3,2.12549464904722
20,54,15,8.05317923981329
20,55,-11,-11.128300021986
20,56,-7,1.28447917606285
20,57,-4,4.72555183321581
20,58,-2,10.1726954324865
20,59,5,11.2075085083511
20,60,-8,8.15265252342226
20,61,1,12.3054083329545
20,62,-3,12.9368515437537
20,63,18,8.48492800994116
20,64,-4,-11.4118961143164
20,65,-3,-5.12184997778386
20,66,2,2.57827453544235
20,67,3,5.64618349081726
20,68,6,-0.37173928363112
20,69,15,3.77335093592746
20,70,-17,-11.7715141089953
20,71,-6,1.29325574610984
20,72,-3,2.63166393229471
20,73,2,4.1159374495691
20,74,0,3.18384242414802
20,75,3,12.3624698975039
20,76,-4,5.71977635822323
20,77,0,10.966562099003
20,78,4,1.10113312319474
20,79,8,-5.94481286911165
20,80,3,-7.30850099783824
20,81,-7,-4.16798007052914
20,82,-6,3.39220482208066
20,83,-1,3.10225245454263
20,84,7,6.53845402035238
20,85,10,0.205459568382028
20,86,-7,-5.08500321809836
20,87,4,9.76824768801312
20,88,-4,-0.844681998979198
20,89,4,1.34210907127385
20,90,-4,-4.8959440799128
20,91,4,-0.171861417712356
20,92,-3,-1.66793861750823
20,93,-5,8.2989422831406
20,94,-12,8.96681401613017
20,95,5,14.8237488418345
20,96,4,10.4039140992479
20,97,-4,11.6189767408624
20,98,15,14.3744402073389
20,99,-4,-5.86106629423554
20,100,0,1.41578189141371
20,101,-11,-1.92800371807463
20,102,1,1.56149573914401
20,103,0,-2.33016072545154
20,104,7,11.9620180948001
20,105,-1,-1.05318894462698
20,106,-6,5.64276912347883
20,107,-2,7.37826301349495
20,108,22,1.6871712399447
20,109,2,-13.9699994367452
20,110,-15,-18.8900672487929
20,111,3,10.8055618438628
20,112,-11,-6.18646257973034
20,113,7,15.5357354346147
20,114,-3,-1.16757761863166
20,115,-2,4.43186625462148
20,116,6,14.0963402550981
20,117,-4,-7.8084984973919
20,118,-3,7.71829711774089
20,119,7,1.47642046417353
20,120,-4,-2.95810958183296
20,121,0,2.888349955902
20,122,8,8.3416944337733
20,123,-10,-6.85780580027756
20,124,-10,-2.98759103310078
20,125,-12,3.68037263675737
20,126,4,8.72639059363368
20,127,3,-5.45210843936097
20,128,13,7.08016526612442
20,129,-4,4.26270904879311
20,130,4,-3.86896482793001
20,131,-23,-5.10944187552073
20,132,4,0.163092969120573
20,133,0,-4.76156394621539
20,134,-7,4.31864380307684
20,135,4,14.2113861488174
20,136,-4,-0.0683512965928155
20,137,7,10.6280243368679
20,138,8,13.9199506260072
20,139,16,-0.956580800961083
20,140,-18,-5.50676869807685
20,141,0,8.47098593431406
20,142,4,5.80767111370391
20,143,16,3.51334557934939
20,144,-1,-19.2333470785625
20,145,-13,-9.50821634320114
20,146,-4,1.92952726862707
20,147,11,1.15443986605192
20,148,-6,-6.83270384339459
20,149,-7,-0.0730219164540284
20,150,13,11.4814617771136
20,151,2,0.841840154848946
20,152,-15,-2.67200201941982
20,153,4,16.6810434228986
20,154,-4,-8.0450952370101
20,155,-2,7.96316816463555
20,156,10,3.23844783100867
20,157,-3,-2.87242988825298
20,158,14,-1.79436120350467
20,159,-6,-13.6493932006128
20,160,-11,-1.57094533926519
21,1,11,2.06908266794994
21,2,0,-3.28569159265053
21,3,0,-2.53238595108308
21,4,-3,7.05154408396645
21,5,21,5.08086284318897
21,6,-3,-13.2657646284357
21,7,4,-2.4528825605888
21,8,-7,-8.058001963184
21,9,-14,-6.7784079528292
21,10,8,6.26101908120296
21,11,19,3.34832275995631
21,12,-6,-6.8471954279661
21,13,2,-3.23972289907483
21,14,-22,-9.25391073405012
21,15,0,16.8102153074803
21,16,-4,5.74013500974481
21,17,2,18.4487032086692
21,18,3,-1.30619361845394
21,19,2,15.8695337251904
21,20,8,1.66345090792899
21,21,-8,-9.19688760304322
21,22,0,4.35596953715456
21,23,0,-6.46754648045435
21,24,14,1.13577240710193
21,25,-14,-14.1278445639498
21,26,0,8.79421949497388
21,27,0,2.09132753466114
21,28,4,7.41730648615303
21,29,-5,-5.78082797592395
21,30,5,8.31074138302007
21,31,1,-3.70109352104934
21,32,-10,-4.43091083274541
21,33,15,10.8632009239688
21,34,-8,-12.0991207264763
21,35,11,-0.111681028535448
21,36,-11,-6.15305332163422
21,37,-7,7.70311273630534
21,38,4,7.3966305882728
21,39,0,-8.43341281979926
21,40,0,12.8123587135835
21,41,-3,1.58095040824256
21,42,3,1.93045299391283
21,43,15,6.75408011348704
21,44,-11,-9.63868408862143
21,45,-7,-0.367478849929078
21,46,-4,3.62572143502244
21,47,-2,9.42877314950086
21,48,5,12.4369089071754
21,49,-8,7.43671961910194
21,50,1,13.8072674886879
21,51,-3,10.5956083572166
21,52,18,12.027374357783
21,53,-4,-11.1477606998723
21,54,-3,-5.41876395028756
21,55,2,-0.187728459940407
21,56,3,5.57444059972384
21,57,6,-0.11960101179386
21,58,15,-0.594157675615816
21,59,-17,-16.9054665682002
21,60,-6,0.208639898559284
21,61,-3,0.992231828182306
21,62,2,4.68739134741651
21,63,0,2.6938822526058
21,64,3,11.4863785069914
21,65,-4,2.35672793831539
21,66,0,11.4612847271765
21,67,4,2.45739814471672
21,68,8,-3.63597164205278
21,69,3,-8.86989661782794
21,70,-7,-7.88926796060951
21,71,-6,1.25357931817998
21,72,-1,3.45272279456845
21,73,7,6.05387862494905
21,74,10,0.325848491279983
21,75,-7,-7.04755915235789
21,76,4,5.57388018824718
21,77,-4,-3.43523291850761
21,78,4,2.35850736899557
21,79,-4,-7.23325859103059
21,80,4,1.39992569335237
21,81,-3,-4.89118025074418
21,82,-5,9.57018058415454
21,83,-12,9.72167292377267
21,84,5,19.6433380165879
21,85,4,9.18297652035436
21,86,-4,12.9427495023175
21,87,15,11.670009765199
21,88,-4,-12.4352423054507
21,89,0,-0.80719482371243
21,90,-11,-2.92836537076044
21,91,1,3.81681775262534
21,92,0,-2.70323811726598
21,93,7,13.9095926011758
21,94,-1,-2.39929822344411
21,95,-6,5.66790319176966
21,96,-2,6.64569062110213
21,97,22,4.40050083311122
21,98,2,-12.2334068256575
21,99,-15,-18.0909121818779
21,100,3,9.20259216884919
21,101,-11,-9.48583614128688
21,102,7,16.3805317120933
21,103,-3,-1.28685583150733
21,104,-2,5.0866536034792
21,105,6,10.9098868115604
21,106,-4,-7.63126001808363
21,107,-3,7.1005846908996
21,108,7,2.89403779487323
21,109,-4,-4.78880645402218
21,110,0,5.53617484245567
21,111,8,5.78393887803926
21,112,-10,-8.79478075320687
21,113,-10,-6.91135786077504
21,114,-12,4.45905162562376
21,115,4,7.34706596021441
21,116,3,-6.37067185139959
21,117,13,7.43918402792672
21,118,-4,0.133993653562244
21,119,4,-6.28192076022939
21,120,-23,-7.18152666944054
21,121,4,0.689908927524842
21,122,0,-6.7216851957832
21,123,-7,8.1597148998759
21,124,4,12.5636022061542
21,125,-4,-1.4323204934851
21,126,7,10.6475571006459
21,127,8,16.2320160652224
21,128,16,-0.69497629599262
21,129,-18,-6.6632263730651
21,130,0,7.06673184240155
21,131,4,2.36223824995012
21,132,16,4.48249618106494
21,133,-1,-21.3946842277353
21,134,-13,-14.967469393713
21,135,-4,1.7052165785784
21,136,11,3.54791697412462
21,137,-6,-8.39705096177629
21,138,-7,3.18004067478048
21,139,13,9.45658730633347
21,140,2,-3.88562811155421
21,141,-15,-3.92360134569611
21,142,4,18.4182891548202
21,143,-4,-10.0331083890579
21,144,-2,10.3093343340922
21,145,10,3.87387114355916
21,146,-3,-3.43079749943895
21,147,14,-0.629392729541236
21,148,-6,-16.4720667626137
21,149,-11,-4.78274589537954
21,150,-5,8.22840297675617
21,151,11,9.51164615211224
21,152,-7,-5.1868465454739
21,153,-7,15.4694310412069
21,154,4,15.2037678426121
21,155,-9,6.55434068952294
21,156,9,19.3111986392731
21,157,6,0.0548476558094197
21,158,-12,-5.82702474588832
21,159,9,15.4898556542847
21,160,4,-6.35733588566603
22,1,-3,6.69879299400916
22,2,21,7.98301412764251
22,3,-3,-11.651864317924
22,4,4,4.57306555312382
22,5,-7,-7.42642676561694
22,6,-14,-9.23319732921278
22,7,8,5.82211456313052
22,8,19,4.410054156292
22,9,-6,-9.37489507745929
22,10,2,-2.16906237474589
22,11,-22,-7.59304694324829
22,12,0,13.0047809188782
22,13,-4,8.99099021204093
22,14,2,18.3314908693521
22,15,3,-1.72049347473487
22,16,2,17.177649736884
22,17,8,2.02502638429276
22,18,-8,-5.24458944922447
22,19,0,3.53081474605858
22,20,0,-10.4196595445021
22,21,14,1.24929085935301
22,22,-14,-12.8106088604622
22,23,0,11.8546265637436
22,24,0,0.767654797375713
22,25,4,6.96116856325909
22,26,-5,-4.87328194007656
22,27,5,7.27808119781668
22,28,1,-3.0127633902847
22,29,-10,-3.94180241750613
22,30,15,10.5595135828523
22,31,-8,-8.76149374993535
22,32,11,2.25879806051691
22,33,-11,-7.78432825724362
22,34,-7,9.64143359918539
22,35,4,6.43600936173885
22,36,0,-8.95751021622541
22,37,0,13.7686479285664
22,38,-3,7.20848615861482
22,39,3,1.68762530554458
22,40,15,7.27108309233846
22,41,-11,-4.87603429934
22,42,-7,3.11380685749588
22,43,-4,-0.81980581285506
22,44,-2,9.25822963841364
22,45,5,11.9404163268583
22,46,-8,9.47263640429942
22,47,1,12.9200677435989
22,48,-3,12.4691330568355
22,49,18,13.3396618981855
22,50,-4,-13.7403216077453
22,51,-3,-3.29387767016226
22,52,2,-1.7450209577281
22,53,3,7.30916259320601
22,54,6,-0.0884716567240602
22,55,15,0.889860211243003
22,56,-17,-16.0851689835341
22,57,-6,0.743753153972521
22,58,-3,-2.17454563417457
22,59,2,3.87115070416979
22,60,0,3.922343962936
22,61,3,14.1819590497784
22,62,-4,3.38736808682802
22,63,0,14.0538970594806
22,64,4,4.74066754401646
22,65,8,-5.72313258272321
22,66,3,-8.56487981980011
22,67,-7,-7.80953935574986
22,68,-6,0.00882869210475867
22,69,-1,2.80637115127299
22,70,7,6.20988866589424
22,71,10,1.41943021661112
22,72,-7,-4.80400253125667
22,73,4,5.40252062776687
22,74,-4,-4.22372399196777
22,75,4,0.998916697233569
22,76,-4,-7.33435471980084
22,77,4,2.21254265257529
22,78,-3,-3.11440190469581
22,79,-5,9.83083795613154
22,80,-12,11.7603698932996
22,81,5,17.7044142258396
22,82,4,11.4443475394699
22,83,-4,11.3117509570286
22,84,15,13.5043202047176
22,85,-4,-11.294656626699
22,86,0,1.62062837218295
22,87,-11,-5.37161377489763
22,88,1,3.6939124549557
22,89,0,-2.75143876614994
22,90,7,13.5394663757713
22,91,-1,0.0250892113039995
22,92,-6,4.39308179714214
22,93,-2,7.23582508161869
22,94,22,5.27530804062607
22,95,2,-17.4222201465076
22,96,-15,-17.7581967057304
22,97,3,9.29391780824082
22,98,-11,-8.22239398158298
22,99,7,13.6847985783566
22,100,-3,1.38778032955623
22,101,-2,2.94348172448889
22,102,6,10.8278594152198
22,103,-4,-6.16810606069457
22,104,-3,6.75136779803478
22,105,7,2.16299578864354
22,106,-4,-2.17574285100988
22,107,0,2.63533456413117
22,108,8,5.88872574607096
22,109,-10,-7.17817557436826
22,110,-10,-7.22835330987372
22,111,-12,9.74234898977338
22,112,4,4.25781601795897
22,113,3,-6.40761368415551
22,114,13,8.07124282964753
22,115,-4,10.1972516117106
22,116,4,-4.98479093715138
22,117,-23,-7.18880277113673
22,118,4,1.20767869014726
22,119,0,-4.82719636031531
22,120,-7,7.89521019245604
22,121,4,13.2705727268221
22,122,-4,0.106455769205996
22,123,7,10.1493343246807
22,124,8,19.2893796131597
22,125,16,-0.117677129418787
22,126,-18,-6.82787530400786
22,127,0,8.50867280508849
22,128,4,-0.255274392396494
22,129,16,3.25598040588011
22,130,-1,-19.8698490459709
22,131,-13,-8.2468804681789
22,132,-4,-3.60684952192366
22,133,11,7.43717849846521
22,134,-6,-6.9611748211417
22,135,-7,3.87445424759991
22,136,13,7.3581955527539
22,137,2,-2.56315384645132
22,138,-15,0.470471188065186
22,139,4,13.0471824222981
22,140,-4,-8.65798797350416
22,141,-2,9.39081963438327
22,142,10,6.03958149742385
22,143,-3,-0.412431426431889
22,144,14,0.471332352951554
22,145,-6,-19.4778736376946
22,146,-11,-1.07851969466087
22,147,-5,2.03502339892667
22,148,11,9.81140465256707
22,149,-7,-4.50130842129486
22,150,-7,16.1277113376111
22,151,4,14.3613504570433
22,152,-9,6.28258485476213
22,153,9,20.902062292168
22,154,6,1.2566041423793
22,155,-12,-6.53506693330206
22,156,9,11.4052714168858
22,157,4,-2.626901299462
22,158,11,-8.03480668454901
22,159,-15,-17.0088997852546
22,160,0,4.06007344901941
23,1,21,6.9171917428742
23,2,-3,-11.1375283313492
23,3,4,-1.33932875992297
23,4,-7,-3.1530650010412
23,5,-14,-9.93863707699332
23,6,8,5.97208732353683
23,7,19,2.12159928774967
23,8,-6,-7.10167092252993
23,9,2,-5.66831007393256
23,10,-22,-5.70627661961836
23,11,0,15.5204428165771
23,12,-4,7.4370347347579
23,13,2,18.7738600681946
23,14,3,-2.38772012056736
23,15,2,16.6866657654207
23,16,8,1.83732823331195
23,17,-8,-6.19923553304449
23,18,0,2.89422796139881
23,19,0,-9.42790554497099
23,20,14,0.774453546395063
23,21,-14,-12.0482936952592
23,22,0,6.923587417388
23,23,0,3.17059201137383
23,24,4,6.65802503489181
23,25,-5,-4.62457641242541
23,26,5,6.66748055638232
23,27,1,-2.6587014345499
23,28,-10,-4.37141250923172
23,29,15,11.50220301285
23,30,-8,-11.4754194328598
23,31,11,-0.863717160437054
23,32,-11,-5.71883202251517
23,33,-7,7.03582005068778
23,34,4,7.66027811730593
23,35,0,-8.178394057563
23,36,0,15.9859454173399
23,37,-3,4.39008019792272
23,38,3,1.26535706019949
23,39,15,6.72882116749965
23,40,-11,-5.95208589902551
23,41,-7,-2.86896323161944
23,42,-4,1.78487062852824
23,43,-2,8.63659307134892
23,44,5,12.1389004490862
23,45,-8,8.21781975643232
23,46,1,13.0916552470741
23,47,-3,10.8282676503844
23,48,18,12.897933836354
23,49,-4,-13.5876043080157
23,50,-3,-8.02348911725666
23,51,2,0.568233736855379
23,52,3,6.63534630793106
23,53,6,-0.361972105701133
23,54,15,-0.511863023471785
23,55,-17,-17.2657424495217
23,56,-6,-2.54705159340076
23,57,-3,0.127375418315281
23,58,2,4.81379899157626
23,59,0,3.9809220613226
23,60,3,13.1026945417688
23,61,-4,2.78077115409543
23,62,0,13.021325654787
23,63,4,3.28328917668183
23,64,8,-6.30996292835624
23,65,3,-8.68763593961168
23,66,-7,-8.87714506665836
23,67,-6,0.375211382827281
23,68,-1,1.23673587074898
23,69,7,6.57332519063786
23,70,10,1.18878705876142
23,71,-7,-5.32361593582833
23,72,4,4.52752137260697
23,73,-4,-3.51588905118229
23,74,4,2.05009344346136
23,75,-4,-7.18553815460332
23,76,4,1.34749676759327
23,77,-3,-3.93995674084391
23,78,-5,8.83598413324333
23,79,-12,10.3049699877098
23,80,5,16.2667678685024
23,81,4,10.4037731478191
23,82,-4,11.7026512642151
23,83,15,11.7533486980141
23,84,-4,-12.8002653554987
23,85,0,-2.33432465912198
23,86,-11,-1.36910098852393
23,87,1,2.30468406569609
23,88,0,-2.55511567256941
23,89,7,12.8002571403907
23,90,-1,-1.76867697873204
23,91,-6,3.95881263896363
23,92,-2,7.38157236893026
23,93,22,3.46992573386105
23,94,2,-16.5500633266524
23,95,-15,-20.3239879193465
23,96,3,10.5918070529262
23,97,-11,-11.3054010429584
23,98,7,15.7275196427847
23,99,-3,-2.05809676296632
23,100,-2,4.6151139444584
23,101,6,10.7287448287569
23,102,-4,-6.09712022040796
23,103,-3,7.86050379714249
23,104,7,1.5320910941118
23,105,-4,-3.6329688089782
23,106,0,3.96229800966272
23,107,8,5.06078476784109
23,108,-10,-8.11743397072832
23,109,-10,-6.08692501877223
23,110,-12,5.67493041147663
23,111,4,6.68333266614038
23,112,3,-5.79450066404282
23,113,13,9.40112858522478
23,114,-4,8.03165342947026
23,115,4,-6.89098270790454
23,116,-23,-7.53865462245506
23,117,4,-0.164344054486381
23,118,0,-6.95426587274876
23,119,-7,7.84987222919093
23,120,4,11.8154554059264
23,121,-4,-1.78840662170874
23,122,7,10.7529696276587
23,123,8,17.4950957117752
23,124,16,0.892404508258102
23,125,-18,-6.65585871483812
23,126,0,5.2600283509733
23,127,4,1.4421021650465
23,128,16,5.2595264200611
23,129,-1,-19.4470629164782
23,130,-13,-14.9061089500701
23,131,-4,0.484841450767405
23,132,11,5.59184464908345
23,133,-6,-5.19048941276188
23,134,-7,0.664754196330724
23,135,13,9.68276371238478
23,136,2,-3.7581490719603
23,137,-15,-0.384247281279806
23,138,4,16.5565927560145
23,139,-4,-10.8385228155756
23,140,-2,9.8601251995805
23,141,10,5.55305795015502
23,142,-3,-1.5161872561498
23,143,14,0.0667348726954273
23,144,-6,-17.6390912791493
23,145,-11,-6.042940833471
23,146,-5,7.42799836649364
23,147,11,7.3947988559981
23,148,-7,-2.65537009659444
23,149,-7,12.8260283174052
23,150,4,16.2230143359951
23,151,-9,5.36241259210184
23,152,9,22.8169438718626
23,153,6,-1.0435740536366
23,154,-12,-6.22971060791808
23,155,9,14.2797770269488
23,156,4,-4.62638085764794
23,157,11,-5.80397747050899
23,158,-15,-14.8771247825182
23,159,0,0.977237120008094
23,160,18,-5.35387053534816
24,1,8,8.06745094434134
24,2,19,-1.67166346091421
24,3,-6,-9.25840270010389
24,4,2,-3.30797655200963
24,5,-22,-9.4687078955508
24,6,0,19.046877526486
24,7,-4,-0.709517233939397
24,8,2,17.8636218027906
24,9,3,3.8613499744815
24,10,2,11.8080689154746
24,11,8,13.239239286747
24,12,-8,-7.5943390264162
24,13,0,3.59737297804173
24,14,0,-4.11587442487204
24,15,14,-0.406346871296087
24,16,-14,-10.8342365714795
24,17,0,11.976591509532
24,18,0,-2.42415104436053
24,19,4,2.92127655434512
24,20,-5,-6.86377860502055
24,21,5,6.66122042593495
24,22,1,-6.02965229312429
24,23,-10,-3.33050270385224
24,24,15,8.59190440472535
24,25,-8,-12.2591378955649
24,26,11,4.86654826366435
24,27,-11,-11.2354613939051
24,28,-7,8.6922352515141
24,29,4,8.10984319181398
24,30,0,-4.58306914059126
24,31,0,7.30296202792513
24,32,-3,4.99855658960491
24,33,3,6.67493253252013
24,34,15,3.0532675784333
24,35,-11,-10.3869403995817
24,36,-7,4.32838099862406
24,37,-4,2.72390365275277
24,38,-2,5.68903976829224
24,39,5,7.26502213378593
24,40,-8,6.11187635580851
24,41,1,14.0345237302986
24,42,-3,6.83631305387717
24,43,18,10.0805883617735
24,44,-4,-8.83327037412166
24,45,-3,-4.28787611264035
24,46,2,-3.02607927127958
24,47,3,5.6797026272377
24,48,6,4.19689342889649
24,49,15,-4.31178819928613
24,50,-17,-17.5894744037203
24,51,-6,3.97370888018527
24,52,-3,-2.31329546632512
24,53,2,5.09725293253682
24,54,0,1.45203557568786
24,55,3,11.3592890342301
24,56,-4,5.05482194076789
24,57,0,8.76346624045758
24,58,4,1.43098666659567
24,59,8,-2.45418988025436
24,60,3,-8.31193503510814
24,61,-7,-7.33617511831922
24,62,-6,0.0608159266753461
24,63,-1,1.53155661749842
24,64,7,2.86578167987071
24,65,10,-0.478017421777464
24,66,-7,-5.84592814075108
24,67,4,5.45177908959231
24,68,-4,-9.76170376717529
24,69,4,-0.179843635083637
24,70,-4,-7.33028483560287
24,71,4,4.04721255408134
24,72,-3,-4.72941175383119
24,73,-5,5.25643437151174
24,74,-12,6.99456873128474
24,75,5,18.4054581436647
24,76,4,5.5119612212937
24,77,-4,8.86236366500721
24,78,15,11.092183779423
24,79,-4,-9.37020944074028
24,80,0,-0.987189558475802
24,81,-11,-6.49432640789531
24,82,1,6.36757732797597
24,83,0,-2.07258193266567
24,84,7,8.16851361007503
24,85,-1,-4.79758410496186
24,86,-6,5.06648255633102
24,87,-2,6.13834279301199
24,88,22,3.04508116721414
24,89,2,-13.7339659618349
24,90,-15,-18.7250713104526
24,91,3,5.78477594738795
24,92,-11,-11.0131064873238
24,93,7,7.67413678303407
24,94,-3,-2.59382182692872
24,95,-2,5.76301005915026
24,96,6,12.4797540046284
24,97,-4,-0.785209968051813
24,98,-3,6.43036452638386
24,99,7,4.73698519107302
24,100,-4,-6.28652964838385
24,101,0,6.38990965034406
24,102,8,0.896870561472009
24,103,-10,-8.14796200241843
24,104,-10,-6.60516458184361
24,105,-12,3.56457299420808
24,106,4,6.64273594802703
24,107,3,-3.19689393508307
24,108,13,1.49463569136433
24,109,-4,-5.02714193185324
24,110,4,-6.46234754931786
24,111,-23,-4.52251148678992
24,112,4,3.62426105423181
24,113,0,-4.78052338154035
24,114,-7,2.11251383801051
24,115,4,9.43800574687302
24,116,-4,-0.824551974915321
24,117,7,9.383472366064
24,118,8,13.5117731018419
24,119,16,-2.27455972903784
24,120,-18,-6.68764159742035
24,121,0,11.8993712447667
24,122,4,-2.34962708460497
24,123,16,-2.66046822591783
24,124,-1,-17.6695643994829
24,125,-13,-8.77463682622083
24,126,-4,6.15948440139593
24,127,11,0.699724751894532
24,128,-6,-9.66117560459367
24,129,-7,10.4371389371213
24,130,13,7.73170414635834
24,131,2,-4.26965873341265
24,132,-15,-0.71235803627306
24,133,4,14.5115791467617
24,134,-4,-6.5110097043057
24,135,-2,10.8120615094169
24,136,10,4.1045122256711
24,137,-3,-4.7082887432916
24,138,14,4.5902280095667
24,139,-6,-13.7912358761445
24,140,-11,-2.10511805022188
24,141,-5,4.03740054678661
24,142,11,5.3243143641434
24,143,-7,-6.35068674261955
24,144,-7,15.865116371855
24,145,4,10.3733299001491
24,146,-9,3.35082490618877
24,147,9,16.7111601880761
24,148,6,-1.16874432931687
24,149,-12,-3.40010530942116
24,150,9,13.8218097732278
24,151,4,-10.2070369116921
24,152,11,-5.59230904101287
24,153,-15,-14.7218669209588
24,154,0,6.33257493462508
24,155,18,-5.3288248004321
24,156,4,-13.3921610690087
24,157,-29,-20.4201686245863
24,158,4,24.6880855186073
24,159,3,-4.03643849277397
24,160,-10,4.61322512503764
25,1,2,-3.93324587777427
25,2,-22,-2.35580574741954
25,3,0,14.8841612301195
25,4,-4,9.27652363411411
25,5,2,20.8999085615791
25,6,3,-3.66745633223499
25,7,2,15.1387372390794
25,8,8,3.33108298418342
25,9,-8,-5.78681291667629
25,10,0,1.45495075250972
25,11,0,-10.1487113508188
25,12,14,2.32634773920142
25,13,-14,-13.208411114886
25,14,0,9.45387615022759
25,15,0,5.72981546538905
25,16,4,9.44673828824239
25,17,-5,-2.71494575521365
25,18,5,4.58109412346424
25,19,1,-1.36717730489501
25,20,-10,-3.59106686073229
25,21,15,8.41644955546137
25,22,-8,-6.60243260189228
25,23,11,0.874936582930133
25,24,-11,-3.98950694873803
25,25,-7,9.51299085707248
25,26,4,7.75127666935998
25,27,0,-7.18930870739832
25,28,0,14.3956730590375
25,29,-3,9.28971167718157
25,30,3,-0.490312630250063
25,31,15,7.44166360052471
25,32,-11,-3.95399398292554
25,33,-7,-0.722744873551448
25,34,-4,3.09024925409718
25,35,-2,11.840181979265
25,36,5,11.7716572183201
25,37,-8,8.87650363480508
25,38,1,11.0964717891575
25,39,-3,13.001547408315
25,40,18,18.3174605937994
25,41,-4,-14.0545121024538
25,42,-3,-5.3793709172031
25,43,2,-0.0260507200227003
25,44,3,7.79493267422782
25,45,6,-1.28882820941391
25,46,15,0.151112547061997
25,47,-17,-16.094760457294
25,48,-6,-1.30858232211623
25,49,-3,2.01838430100844
25,50,2,6.88826614765721
25,51,0,3.8315995012749
25,52,3,11.9690209262516
25,53,-4,2.770010369712
25,54,0,13.8676465576797
25,55,4,7.65491820253069
25,56,8,-6.12895263165627
25,57,3,-9.56726023498043
25,58,-7,-9.20151341612991
25,59,-6,0.165530988620645
25,60,-1,2.16447259478205
25,61,7,7.32183199796589
25,62,10,1.60538921171789
25,63,-7,-5.43339066613051
25,64,4,4.62277013687479
25,65,-4,-0.715764266582839
25,66,4,1.42933498900006
25,67,-4,-9.0180469648304
25,68,4,1.59247624129306
25,69,-3,-4.14543948132503
25,70,-5,10.2848478709623
25,71,-12,10.5245329412387
25,72,5,17.7288745110753
25,73,4,13.0823469655216
25,74,-4,12.6911365103999
25,75,15,12.081268644854
25,76,-4,-11.6603091469204
25,77,0,0.416225511172776
25,78,-11,-2.64306199350957
25,79,1,4.19373167779374
25,80,0,-3.2121815154191
25,81,7,15.1994558010615
25,82,-1,-1.05997204807076
25,83,-6,2.3151610330481
25,84,-2,10.9004230790852
25,85,22,5.20253573364949
25,86,2,-15.3898356650648
25,87,-15,-19.4857531276382
25,88,3,9.35171014044576
25,89,-11,-5.69048631803573
25,90,7,14.6004933255938
25,91,-3,0.635276509695383
25,92,-2,1.26157803343598
25,93,6,10.4916191027606
25,94,-4,-4.70931241418004
25,95,-3,5.56033996335561
25,96,7,1.6555122643579
25,97,-4,-0.224965850172572
25,98,0,0.670290996189873
25,99,8,6.9873142265852
25,100,-10,-5.34423117502692
25,101,-10,-4.99622675174394
25,102,-12,7.2347848160814
25,103,4,7.31781520701375
25,104,3,-3.59813846651824
25,105,13,8.39395000618627
25,106,-4,10.7322253081885
25,107,4,-4.43421403220234
25,108,-23,-7.46264820819433
25,109,4,-0.759531797221099
25,110,0,-5.14322568201917
25,111,-7,8.53376287038316
25,112,4,11.141871604638
25,113,-4,0.513839495704606
25,114,7,10.0369638462963
25,115,8,20.7485614294925
25,116,16,0.494941968843785
25,117,-18,-5.14981795297637
25,118,0,7.3061957466237
25,119,4,4.16564034535102
25,120,16,7.33255058906425
25,121,-1,-20.8488266050836
25,122,-13,-13.1731802435843
25,123,-4,-1.75451151840014
25,124,11,8.84947427223105
25,125,-6,-1.07302543222979
25,126,-7,1.01689917572195
25,127,13,7.91440520516321
25,128,2,1.06686181220065
25,129,-15,2.8142610541109
25,130,4,15.1640444081165
25,131,-4,-7.68892248286191
25,132,-2,8.00304517749531
25,133,10,4.71953065942259
25,134,-3,1.24716268150643
25,135,14,1.69669162495842
25,136,-6,-16.9451740185962
25,137,-11,-1.25913838383289
25,138,-5,4.70386569381153
25,139,11,12.414980122176
25,140,-7,-2.78200946465439
25,141,-7,14.0545114686914
25,142,4,15.9048191388795
25,143,-9,8.81969203882298
25,144,9,23.9126953861252
25,145,6,0.600137349682763
25,146,-12,-6.18504382471833
25,147,9,10.3637176155683
25,148,4,-0.525377710499678
25,149,11,-7.07963469951085
25,150,-15,-16.7562109770972
25,151,0,1.37927111164217
25,152,18,-5.28516397973735
25,153,4,-6.45297215593973
25,154,-29,-17.1864731546496
25,155,4,18.468629284926
25,156,3,4.42977450299007
25,157,-10,16.6307204005513
25,158,21,10.9357166268494
25,159,-11,-23.6577018577811
25,160,-7,6.93354875562553
26,1,2,26.9052208037685
26,2,3,3.17071851846402
26,3,2,13.5179315544388
26,4,8,5.53050186767474
26,5,-8,-9.77634916949578
26,6,0,3.76043552086742
26,7,0,-8.00994419466235
26,8,14,3.86818618881693
26,9,-14,-10.8743330424423
26,10,0,17.1959595862125
26,11,0,-0.966701916790152
26,12,4,5.3830732473488
26,13,-5,-5.1145268992606
26,14,5,8.17180892672564
26,15,1,0.390662426104275
26,16,-10,-5.12748591717484
26,17,15,9.2382910906726
26,18,-8,-6.02802348192888
26,19,11,5.79313410228411
26,20,-11,-9.39511252431392
26,21,-7,10.7615429787809
26,22,4,15.8891520085531
26,23,0,-0.532879792890594
26,24,0,11.8139838728188
26,25,-3,5.72622446824106
26,26,3,4.22422902425074
26,27,15,4.30717885446316
26,28,-11,-12.4672837340655
26,29,-7,5.96782072261536
26,30,-4,-0.109347345862499
26,31,-2,8.82703850058109
26,32,5,8.74233172777957
26,33,-8,14.2273860623729
26,34,1,15.588453305281
26,35,-3,5.27502433741211
26,36,18,3.91360553794713
26,37,-4,-15.4999233300427
26,38,-3,0.531499338284232
26,39,2,-6.18220257611851
26,40,3,10.2924874053922
26,41,6,-1.58379516210337
26,42,15,-2.84037418796995
26,43,-17,-19.3364607972559
26,44,-6,0.745641941954185
26,45,-3,0.538411093157902
26,46,2,8.16571024715272
26,47,0,3.73489865558352
26,48,3,20.0427830042477
26,49,-4,11.4616433999095
26,50,0,7.16370852122395
26,51,4,-3.51159833575353
26,52,8,-4.689927884713
26,53,3,-7.36204440583248
26,54,-7,-5.27050410306395
26,55,-6,0.648185734124392
26,56,-1,3.78494063553931
26,57,7,8.39817217265317
26,58,10,4.69816106964303
26,59,-7,-2.10667576699668
26,60,4,4.19225742793867
26,61,-4,-9.16788781231379
26,62,4,2.21364954665377
26,63,-4,-4.11021334027313
26,64,4,9.05075460205605
26,65,-3,-2.39954383418038
26,66,-5,9.75133898817084
26,67,-12,6.92701194634051
26,68,5,18.4885763005224
26,69,4,8.64265821175766
26,70,-4,10.2060921395935
26,71,15,11.0647101514908
26,72,-4,-13.9541096737148
26,73,0,0.92890027214344
26,74,-11,-5.20153914458935
26,75,1,8.955582504147
26,76,0,-4.82310593168488
26,77,7,17.2937131013556
26,78,-1,1.99050807964376
26,79,-6,4.06637936746529
26,80,-2,-1.10077751503691
26,81,22,3.43741351026863
26,82,2,-16.711924017562
26,83,-15,-12.5245881104122
26,84,3,11.5848078072246
26,85,-11,-9.17055560127099
26,86,7,8.19978736495954
26,87,-3,4.81547107092983
26,88,-2,14.7228421373818
26,89,6,10.5077691016347
26,90,-4,-10.9299990836684
26,91,-3,5.69547843001654
26,92,7,3.15173928176014
26,93,-4,-2.22204759097279
26,94,0,3.11824078644414
26,95,8,7.00616750157988
26,96,-10,-7.00887857517337
26,97,-10,-8.27443289850917
26,98,-12,5.09137078437753
26,99,4,8.54870769062607
26,100,3,-6.61342067556264
26,101,13,5.04964545210996
26,102,-4,11.29755004642
26,103,4,-1.48212153645062
26,104,-23,-0.029151981356029
26,105,4,8.7039942104075
26,106,0,-5.09171567181829
26,107,-7,3.05332826855985
26,108,4,14.070121037448
26,109,-4,1.82705524916918
26,110,7,8.36412658969614
26,111,8,9.36136311928155
26,112,16,-5.03469690113689
26,113,-18,-4.74767819187674
26,114,0,8.58815103468907
26,115,4,-3.67715458295168
26,116,16,-3.90123351219476
26,117,-1,-20.7134275514543
26,118,-13,3.08290236942451
26,119,-4,8.40111281674826
26,120,11,3.39897900649043
26,121,-6,-12.9590935119891
26,122,-7,11.3552304873099
26,123,13,13.5493836636601
26,124,2,-4.81028519950767
26,125,-15,-9.13211565811681
26,126,4,16.3853494090639
26,127,-4,-6.02632537125511
26,128,-2,8.72799415229041
26,129,10,9.60865026573747
26,130,-3,-2.96532082118176
26,131,14,-3.47690177558595
26,132,-6,-17.9149755067115
26,133,-11,0.632751641956122
26,134,-5,1.699108016731
26,135,11,13.3990147344643
26,136,-7,-4.88992568125026
26,137,-7,19.6997231796155
26,138,4,12.3981906589791
26,139,-9,1.28731307504471
26,140,9,9.25977446081026
26,141,6,2.88068880706429
26,142,-12,-4.56014206263179
26,143,9,8.20717189209218
26,144,4,-8.08022742354572
26,145,11,-8.55156852892411
26,146,-15,-14.1745814572899
26,147,0,11.447237623923
26,148,18,-7.44919274691137
26,149,4,-11.5214454752941
26,150,-29,-9.97236422173699
26,151,4,7.27320122889146
26,152,3,2.67987167222286
26,153,-10,5.48652766869486
26,154,21,15.5503450517037
26,155,-11,-10.6511785495978
26,156,-7,25.3235576719605
26,157,11,2.1183874445338
26,158,0,-4.63875444779569
26,159,-4,-17.6236818912644
26,160,7,13.6033022727626
27,1,2,12.6919747696047
27,2,8,12.6604472716027
27,3,-8,-6.24099133609782
27,4,0,3.37324009046158
27,5,0,-1.90793807575061
27,6,14,0.864886037618495
27,7,-14,-9.13745076574447
27,8,0,12.5391977637618
27,9,0,-6.08460348329629
27,10,4,5.42063628700326
27,11,-5,-5.22877340579946
27,12,5,9.05940293069728
27,13,1,-5.45180604880246
27,14,-10,-6.36061140552264
27,15,15,9.91104554395039
27,16,-8,-8.64023712635694
27,17,11,3.39333657939326
27,18,-11,-8.32401805560268
27,19,-7,7.47275190087808
27,20,4,7.93659232271135
27,21,0,-4.26870646681048
27,22,0,9.95573130622391
27,23,-3,3.82514246677727
27,24,3,3.73532331612414
27,25,15,3.87701654814255
27,26,-11,-7.61711560072209
27,27,-7,3.0338333834598
27,28,-4,2.10638234616402
27,29,-2,7.33155685571466
27,30,5,9.24062641137891
27,31,-8,9.08706280420773
27,32,1,10.9042452218968
27,33,-3,6.25593345372804
27,34,18,11.3683380226298
27,35,-4,-6.12412719491862
27,36,-3,-3.03420036356128
27,37,2,-7.47816776342705
27,38,3,6.27355112422207
27,39,6,1.34223308802978
27,40,15,-2.88348827809945
27,41,-17,-16.167716875659
27,42,-6,5.18365948459141
27,43,-3,-1.4085454238294
27,44,2,7.03659000006644
27,45,0,0.0671038375291175
27,46,3,11.4714031631473
27,47,-4,3.1587366324428
27,48,0,7.67228489714856
27,49,4,2.77218937135457
27,50,8,0.591666012608078
27,51,3,-6.04855833238517
27,52,-7,-6.76651105137782
27,53,-6,-1.78919094509939
27,54,-1,4.26193041386814
27,55,7,5.49978994430681
27,56,10,2.80442158883969
27,57,-7,-5.40839581046725
27,58,4,2.30696400351198
27,59,-4,-9.29772998398784
27,60,4,2.36427520948334
27,61,-4,-4.20405376504018
27,62,4,4.27549607302968
27,63,-3,-6.11249061225926
27,64,-5,7.46466301061362
27,65,-12,5.84850554384705
27,66,5,21.6601520291894
27,67,4,6.38928055149522
27,68,-4,12.5439670609187
27,69,15,8.01776447213427
27,70,-4,-8.38449328108327
27,71,0,-0.882561765688891
27,72,-11,-5.97422023707769
27,73,1,6.48329795485403
27,74,0,-3.32141969241223
27,75,7,13.2861938462537
27,76,-1,-4.93139301689487
27,77,-6,5.88842266177406
27,78,-2,4.34905363453369
27,79,22,4.80435379271878
27,80,2,-12.3656655013892
27,81,-15,-17.5598204350115
27,82,3,3.85906444078091
27,83,-11,-10.0829805538225
27,84,7,9.14464330153969
27,85,-3,0.990382893207389
27,86,-2,5.45417177116348
27,87,6,10.1893289476836
27,88,-4,1.35462247213277
27,89,-3,4.44974096320055
27,90,7,6.60902134847336
27,91,-4,-5.90783003095462
27,92,0,8.03644346144907
27,93,8,2.51471298913926
27,94,-10,-7.8688454114256
27,95,-10,-4.52729855166912
27,96,-12,3.81438201021576
27,97,4,5.72157367541914
27,98,3,-3.76212686761611
27,99,13,4.22693268664096
27,100,-4,-0.763657071549805
27,101,4,-2.04395899690199
27,102,-23,-5.12444862514039
27,103,4,3.36583954220492
27,104,0,-6.07263561662467
27,105,-7,4.47441311010842
27,106,4,10.7399677232259
27,107,-4,-0.0440697682790265
27,108,7,8.36503692908727
27,109,8,12.5507548683186
27,110,16,1.27331188853502
27,111,-18,-1.92952215995932
27,112,0,8.90687546107734
27,113,4,-3.0909798007973
27,114,16,0.135499107789009
27,115,-1,-17.0132651782524
27,116,-13,-9.29721501872171
27,117,-4,3.30845052532984
27,118,11,2.17313404436439
27,119,-6,-5.82219051055904
27,120,-7,11.2793938341713
27,121,13,5.24772324256559
27,122,2,-2.94469228597404
27,123,-15,-0.87042015239036
27,124,4,16.7980763545911
27,125,-4,-7.59567118583754
27,126,-2,11.3961460946455
27,127,10,2.72010033372965
27,128,-3,-1.2917608498769
27,129,14,3.16291179005785
27,130,-6,-11.004241120679
27,131,-11,-3.99302959595035
27,132,-5,4.61063334420638
27,133,11,9.84553809898267
27,134,-7,-5.4125896014429
27,135,-7,18.9580148437434
27,136,4,6.97558359355747
27,137,-9,4.29500962147415
27,138,9,17.3892771305086
27,139,6,4.48282655680966
27,140,-12,-4.51702969933493
27,141,9,13.3923105496259
27,142,4,-6.23314589718654
27,143,11,-6.54943325226572
27,144,-15,-11.5181604302052
27,145,0,5.11052390959363
27,146,18,-8.6946531830333
27,147,4,-8.70413930862169
27,148,-29,-22.3847703510108
27,149,4,23.2316374299282
27,150,3,-4.17968995158299
27,151,-10,6.56047791762979
27,152,21,12.6329539377825
27,153,-11,-11.7701883909479
27,154,-7,18.7541176192514
27,155,11,6.59016072122578
27,156,0,-7.95581181262182
27,157,-4,-7.97415104062072
27,158,7,7.64799565646742
27,159,-14,-16.2519416281888
27,160,18,14.3207683186821
28,1,0,-3.19462007227011
28,2,14,0.128276199141751
28,3,-14,-14.5418522266307
28,4,0,12.1173461749909
28,5,0,-2.308156084083
28,6,4,3.69744870164817
28,7,-5,-6.64969165082781
28,8,5,5.4886103013733
28,9,1,-5.08302102057436
28,10,-10,-1.73921862199118
28,11,15,4.71464730867504
28,12,-8,-8.24887199133141
28,13,11,3.49440973282255
28,14,-11,-9.58357873633568
28,15,-7,3.52495790897013
28,16,4,8.11828540521471
28,17,0,-2.25323653549353
28,18,0,8.95206734079381
28,19,-3,8.23022814217938
28,20,3,4.45625357944814
28,21,15,7.35266055210372
28,22,-11,-10.209501448751
28,23,-7,1.47944734770337
28,24,-4,0.853770882841485
28,25,-2,6.40785133497782
28,26,5,9.45433436693315
28,27,-8,12.6242342104612
28,28,1,14.7359213021059
28,29,-3,10.939423584546
28,30,18,13.1245284440967
28,31,-4,-11.0829650756186
28,32,-3,0.101661221592732
28,33,2,-5.46901569966165
28,34,3,8.00547461619037
28,35,6,5.09109093977145
28,36,15,-2.27663831631141
28,37,-17,-16.5782849765206
28,38,-6,0.969816241963072
28,39,-3,-2.94306338133801
28,40,2,3.44051425768282
28,41,0,3.94774396953122
28,42,3,13.7355845520555
28,43,-4,5.80949609543973
28,44,0,10.4445919456894
28,45,4,2.99559289211881
28,46,8,0.286837725879571
28,47,3,-9.6949724599383
28,48,-7,-6.6927654637087
28,49,-6,-2.54531748544221
28,50,-1,0.99004112560956
28,51,7,4.01271447110287
28,52,10,2.86455143085998
28,53,-7,-7.424328356629
28,54,4,3.46496292434875
28,55,-4,-6.62774962644069
28,56,4,-1.3916741749761
28,57,-4,-4.86684669568522
28,58,4,5.84481062814226
28,59,-3,-4.75238460747177
28,60,-5,8.07983875909744
28,61,-12,4.78814696133572
28,62,5,21.3707668354895
28,63,4,6.99952393409057
28,64,-4,13.3584633288582
28,65,15,9.34089409858141
28,66,-4,-10.0107667647966
28,67,0,3.51461128989732
28,68,-11,-7.22319476671004
28,69,1,5.57191140387305
28,70,0,-2.10879380310669
28,71,7,18.1256545780986
28,72,-1,-4.06698549523126
28,73,-6,3.67671451837144
28,74,-2,8.12806924857565
28,75,22,4.21789147425997
28,76,2,-20.2096917588015
28,77,-15,-12.6187643209072
28,78,3,-2.86863200711641
28,79,-11,-6.06779862290485
28,80,7,6.7862483065795
28,81,-3,7.9402758491967
28,82,-2,1.91923545004854
28,83,6,12.9503036983836
28,84,-4,0.441120448960432
28,85,-3,6.30308881012426
28,86,7,8.60049960029759
28,87,-4,-5.19817255870761
28,88,0,5.02415583022856
28,89,8,4.39020932002666
28,90,-10,-6.66674574689869
28,91,-10,-5.05985539399918
28,92,-12,1.70525560448992
28,93,4,3.99399916323771
28,94,3,-1.0783948283481
28,95,13,4.62289734125422
28,96,-4,-6.09287470086955
28,97,4,1.25754675210214
28,98,-23,-8.13763372643501
28,99,4,3.46682477031694
28,100,0,-4.18929287228645
28,101,-7,2.42564850186055
28,102,4,8.253017819807
28,103,-4,0.429359661563596
28,104,7,9.32113363665775
28,105,8,17.7204802949405
28,106,16,0.503986362989952
28,107,-18,-1.9643944741344
28,108,0,9.75739557525779
28,109,4,-1.46264935861499
28,110,16,0.703775237128458
28,111,-1,-16.1084145770373
28,112,-13,-4.49564373767175
28,113,-4,1.70976609396348
28,114,11,-0.202719211294811
28,115,-6,-8.40092133465732
28,116,-7,15.8901568344583
28,117,13,2.12291400330121
28,118,2,0.787795937728829
28,119,-15,-1.44570698576393
28,120,4,16.6628520516431
28,121,-4,-4.4204001945519
28,122,-2,8.47022349651877
28,123,10,3.90074684302385
28,124,-3,-1.2681924102478
28,125,14,1.83575466201304
28,126,-6,-12.6666157664414
28,127,-11,-2.41203598640778
28,128,-5,1.21253807824568
28,129,11,13.4232104022754
28,130,-7,-7.7639764693156
28,131,-7,22.3542439401684
28,132,4,7.40560763651832
28,133,-9,11.2216453325359
28,134,9,16.242136214092
28,135,6,6.74109624019261
28,136,-12,-2.68182531096739
28,137,9,12.2413100131982
28,138,4,-6.93741641506914
28,139,11,-5.76884448486365
28,140,-15,-13.1128259564473
28,141,0,1.22953904595797
28,142,18,-5.60707083076622
28,143,4,-12.593752946624
28,144,-29,-19.0327112229985
28,145,4,17.736001412732
28,146,3,0.576531601428198
28,147,-10,2.35943320403313
28,148,21,21.6836577669027
28,149,-11,-19.9880887058994
28,150,-7,14.5162075391297
28,151,11,3.1434043369551
28,152,0,-10.2923006350398
28,153,-4,-2.65972561927572
28,154,7,12.0915593156608
28,155,-14,-11.8120386504045
28,156,18,12.9644782577742
28,157,-7,-8.01489373713985
28,158,7,-1.43052277723266
28,159,5,-12.6086268215005
28,160,-15,-6.64646591414626
29,1,14,0.926940202252236
29,2,-14,-11.5508447206555
29,3,0,10.2316434341907
29,4,0,0.25105825339571
29,5,4,8.14737540828113
29,6,-5,-4.28305966739717
29,7,5,8.38548724929568
29,8,1,-4.60439624323136
29,9,-10,-4.46480569558682
29,10,15,11.2107316099825
29,11,-8,-5.16124772721471
29,12,11,-1.2432739233993
29,13,-11,-5.30040342384069
29,14,-7,7.73445187475125
29,15,4,5.04536572068852
29,16,0,-8.44530536087803
29,17,0,10.0140007197221
29,18,-3,5.48016600314936
29,19,3,1.51601714463106
29,20,15,8.21288808690394
29,21,-11,-3.58635288935593
29,22,-7,1.08291664037965
29,23,-4,3.81657461231567
29,24,-2,10.701429450487
29,25,5,11.7631510485968
29,26,-8,7.02267764132559
29,27,1,14.3427294143851
29,28,-3,14.4083170646482
29,29,18,15.8682698785506
29,30,-4,-7.1309658539494
29,31,-3,-4.26507995002482
29,32,2,-4.48607737827799
29,33,3,5.39499162421095
29,34,6,0.964097552525942
29,35,15,2.33987295028929
29,36,-17,-11.2291802568093
29,37,-6,1.67699399386188
29,38,-3,-0.564737073644684
29,39,2,3.84045934195304
29,40,0,3.14033310375846
29,41,3,8.39879245170384
29,42,-4,3.12198095391675
29,43,0,14.9093957383384
29,44,4,5.81201600878409
29,45,8,-2.37339727758477
29,46,3,-7.60637756018447
29,47,-7,-6.75990912629517
29,48,-6,1.22901747895433
29,49,-1,5.96422032994291
29,50,7,5.51312683264502
29,51,10,0.617889037530002
29,52,-7,-5.32133854473182
29,53,4,6.14023109140951
29,54,-4,-2.45670854072371
29,55,4,2.05888460081559
29,56,-4,-7.88110577079642
29,57,4,1.2971332414079
29,58,-3,-4.69378182658107
29,59,-5,11.6861413511552
29,60,-12,10.7786008395237
29,61,5,23.980561873025
29,62,4,10.5921626497582
29,63,-4,14.25450284307
29,64,15,14.752048791814
29,65,-4,-6.45940836865358
29,66,0,-0.0206863003743165
29,67,-11,-6.62655020319317
29,68,1,6.43986600275478
29,69,0,-3.92522507115576
29,70,7,14.8316592554897
29,71,-1,-0.497125275409303
29,72,-6,6.02812239394799
29,73,-2,9.28585409052847
29,74,22,6.90711501788508
29,75,2,-12.9910002596166
29,76,-15,-17.3694670516666
29,77,3,4.0003141144496
29,78,-11,-5.07850877357227
29,79,7,12.9771539766212
29,80,-3,3.79512919348427
29,81,-2,0.696326652369457
29,82,6,12.7045206752913
29,83,-4,-6.67278536302297
29,84,-3,6.50849998139238
29,85,7,5.76673885673568
29,86,-4,-2.08411121073492
29,87,0,5.22747501772378
29,88,8,7.30270945582457
29,89,-10,-5.36265145649177
29,90,-10,-2.4908820497539
29,91,-12,4.66152410560928
29,92,4,5.5279068654714
29,93,3,-5.8936132242519
29,94,13,4.32206770760285
29,95,-4,-7.24380695978771
29,96,4,-2.3926279837509
29,97,-23,-9.82167066518009
29,98,4,1.78664964025688
29,99,0,-4.9807008889695
29,100,-7,8.100452321352
29,101,4,13.7476733797368
29,102,-4,0.531461227786745
29,103,7,10.4186619688176
29,104,8,22.8440677646895
29,105,16,1.271985315483
29,106,-18,-1.34908898749047
29,107,0,8.2795965126982
29,108,4,1.28860603203534
29,109,16,3.69416702703612
29,110,-1,-15.663493998941
29,111,-13,-18.1670407338047
29,112,-4,-1.33387936206035
29,113,11,6.32176534010243
29,114,-6,-7.84141061098824
29,115,-7,4.89584238975931
29,116,13,6.31009559887138
29,117,2,3.24226945910147
29,118,-15,-5.02964878217218
29,119,4,17.7055407333335
29,120,-4,-7.23207686240079
29,121,-2,11.6872921150157
29,122,10,4.98096072051282
29,123,-3,1.51555452949212
29,124,14,-1.13446838762269
29,125,-6,-12.0953458765517
29,126,-11,-2.60770024848948
29,127,-5,5.59928099097858
29,128,11,13.402461793479
29,129,-7,-5.77355149910107
29,130,-7,17.4582445538626
29,131,4,13.1289093535727
29,132,-9,10.2782520232713
29,133,9,20.3742652175948
29,134,6,4.62589496168001
29,135,-12,-5.96465373945901
29,136,9,15.234748845971
29,137,4,-1.10809338171343
29,138,11,-9.1696437419015
29,139,-15,-14.7310686230526
29,140,0,1.95410768089825
29,141,18,-8.5612505342643
29,142,4,-8.58919568567528
29,143,-29,-21.2857259717369
29,144,4,17.5135968181455
29,145,3,1.56194599423625
29,146,-10,7.61752759808358
29,147,21,20.6994892438495
29,148,-11,-20.9430227803969
29,149,-7,8.78938036263738
29,150,11,4.36027682873602
29,151,0,-6.91983541437494
29,152,-4,-13.5576583513012
29,153,7,5.6916515599711
29,154,-14,-12.8505435573171
29,155,18,13.3522055956812
29,156,-7,-13.6204241060357
29,157,7,-3.52314568099907
29,158,5,-10.2852940532155
29,159,-15,-6.46724137344466
29,160,3,4.44440924837452
30,1,0,-0.601764659840939
30,2,4,5.60195954576247
30,3,-5,-4.7482608641892
30,4,5,4.73107749051232
30,5,1,0.353274925529645
30,6,-10,-3.23262624864508
30,7,15,5.81357885996869
30,8,-8,-5.55160029844984
30,9,11,-0.0967296033025216
30,10,-11,-9.21520982870207
30,11,-7,8.00613522526743
30,12,4,11.7409136357115
30,13,0,-1.92980268156643
30,14,0,9.16536040080054
30,15,-3,5.74503880592838
30,16,3,3.8126102723292
30,17,15,4.49669459745706
30,18,-11,-11.3571808939779
30,19,-7,1.50877872593845
30,20,-4,0.220663434893747
30,21,-2,7.03393839300975
30,22,5,6.24552260889353
30,23,-8,13.0072217894135
30,24,1,16.4086548864814
30,25,-3,6.84272821293327
30,26,18,5.04613476887841
30,27,-4,-16.3611419055408
30,28,-3,-2.72449679332617
30,29,2,-5.68578949716547
30,30,3,10.7054289174158
30,31,6,1.20464868473127
30,32,15,-0.605825805640538
30,33,-17,-16.8315312619827
30,34,-6,-2.77257217033877
30,35,-3,-2.25296188317075
30,36,2,4.79260106220858
30,37,0,1.67944997491938
30,38,3,17.0528270467128
30,39,-4,14.5476208488767
30,40,0,8.95169136375697
30,41,4,-3.78376167503055
30,42,8,-3.77461771416532
30,43,3,-6.82040718017072
30,44,-7,-2.87877021519297
30,45,-6,0.955412162242001
30,46,-1,1.39301189365367
30,47,7,4.98147786693375
30,48,10,3.88434639329829
30,49,-7,-0.26434215494553
30,50,4,4.3847751649825
30,51,-4,-7.42104840487579
30,52,4,-0.387868951445949
30,53,-4,-6.3448965520315
30,54,4,8.63192832551529
30,55,-3,-2.65693874476333
30,56,-5,10.5743408058975
30,57,-12,5.16038706450327
30,58,5,17.4008999114556
30,59,4,7.29027794464689
30,60,-4,12.0421857013617
30,61,15,12.1863460900179
30,62,-4,-13.19065423157
30,63,0,-3.57124017601692
30,64,-11,-6.71146633918017
30,65,1,8.58785591543857
30,66,0,-6.43576823637733
30,67,7,17.0736613437872
30,68,-1,3.60995713395052
30,69,-6,4.33003302858053
30,70,-2,-0.742827031862044
30,71,22,3.11453192183862
30,72,2,-18.7302745344676
30,73,-15,-12.2750392248523
30,74,3,11.0355326741335
30,75,-11,-7.76914103572513
30,76,7,6.30111537033518
30,77,-3,5.38197746638242
30,78,-2,13.2999699070108
30,79,6,10.7513544010397
30,80,-4,-10.4616582841137
30,81,-3,4.08920334307161
30,82,7,3.6831992334016
30,83,-4,-0.0108165297067797
30,84,0,1.24439366746002
30,85,8,7.6475894744619
30,86,-10,-4.00815775240513
30,87,-10,-6.49386420880493
30,88,-12,-1.92325211334524
30,89,4,6.09697079836719
30,90,3,-8.45309153235804
30,91,13,3.41998997661035
30,92,-4,3.84108244141074
30,93,4,-2.02117757062274
30,94,-23,-0.283558208014769
30,95,4,8.63337126027787
30,96,0,-4.01307835596773
30,97,-7,2.43588765031254
30,98,4,11.9450136651596
30,99,-4,2.38356139272159
30,100,7,7.318932349465
30,101,8,10.2090138026195
30,102,16,-6.47989010569151
30,103,-18,-2.83669495577619
30,104,0,8.11251755655547
30,105,4,-3.90458782871811
30,106,16,-5.0513107481149
30,107,-1,-21.4373474677844
30,108,-13,-4.07215407189892
30,109,-4,9.36988723377081
30,110,11,0.775876201909853
30,111,-6,-14.0995815692862
30,112,-7,8.72090490505861
30,113,13,11.6957185078591
30,114,2,-1.88069512759996
30,115,-15,-12.7376989619662
30,116,4,15.6941249298631
30,117,-4,-5.05602445039551
30,118,-2,7.60102733934529
30,119,10,9.2130774480768
30,120,-3,-1.25963601484436
30,121,14,-5.26248450233414
30,122,-6,-15.8359323571612
30,123,-11,-1.01287517444078
30,124,-5,-1.66497444509061
30,125,11,12.5395593448529
30,126,-7,-5.89308391541529
30,127,-7,17.0305685276659
30,128,4,11.3287891741425
30,129,-9,3.44407420638792
30,130,9,6.62356925856758
30,131,6,2.9096940038018
30,132,-12,-2.40425804135838
30,133,9,6.54660522686623
30,134,4,-7.83933156467482
30,135,11,-9.39003183124119
30,136,-15,-15.4640457671949
30,137,0,8.54013689107332
30,138,18,-9.1652087061341
30,139,4,-12.9639682121906
30,140,-29,-14.4399984512572
30,141,4,17.93761395644
30,142,3,3.19318529927469
30,143,-10,4.58583870186174
30,144,21,11.5769063264406
30,145,-11,-15.1658090652643
30,146,-7,24.7070271384556
30,147,11,-1.14397222422187
30,148,0,-4.52879232703494
30,149,-4,-18.3048271046596
30,150,7,11.1588092385314
30,151,-14,-3.42580958143263
30,152,18,4.2825083275567
30,153,-7,-21.2298714340728
30,154,7,1.74798479522283
30,155,5,-15.3104623802551
30,156,-15,-6.42660644531069
30,157,3,5.01820310723716
30,158,3,2.29787762157605
30,159,-18,3.48961889292582
30,160,-1,15.2316091852234
31,1,-10,-3.80865348012693
31,2,15,9.18461011195833
31,3,-8,-5.38708829528597
31,4,11,5.4544267850762
31,5,-11,-7.83503131576141
31,6,-7,10.3597656462329
31,7,4,13.644194024971
31,8,0,-3.52171343929407
31,9,0,9.752024296229
31,10,-3,7.70608267743904
31,11,3,2.80523491793361
31,12,15,2.6269591428329
31,13,-11,-11.4026417840935
31,14,-7,8.76259989227292
31,15,-4,3.65232833351064
31,16,-2,7.57138118759488
31,17,5,8.41284254059526
31,18,-8,12.5789929052281
31,19,1,15.0931897627597
31,20,-3,7.10361884668196
31,21,18,5.90477446054344
31,22,-4,-16.1997922201013
31,23,-3,1.54240546317026
31,24,2,-3.66840834165145
31,25,3,10.3395257854435
31,26,6,0.8563398565339
31,27,15,-2.04640292139526
31,28,-17,-17.99146175195
31,29,-6,2.72890905796653
31,30,-3,1.70880285504417
31,31,2,5.07171529703863
31,32,0,3.45497747271413
31,33,3,16.1262957557929
31,34,-4,11.803668000042
31,35,0,9.63496114641266
31,36,4,-2.20984460452284
31,37,8,-3.25359030721795
31,38,3,-6.92795479891813
31,39,-7,-2.53146506193882
31,40,-6,3.02066292580902
31,41,-1,3.94140918520058
31,42,7,6.62621718635901
31,43,10,4.3262960457422
31,44,-7,-1.49942496188838
31,45,4,6.42935470681546
31,46,-4,-7.07905922505325
31,47,4,0.885321855533325
31,48,-4,-4.37328882112419
31,49,4,9.94982424259965
31,50,-3,-2.432794730775
31,51,-5,11.5139589237658
31,52,-12,7.26159001638431
31,53,5,19.9984955063897
31,54,4,7.27558185471248
31,55,-4,11.2197971604031
31,56,15,13.0953365485225
31,57,-4,-15.5280469947433
31,58,0,-0.353182069634922
31,59,-11,-4.03683021430956
31,60,1,11.2136109120073
31,61,0,-4.59394848388969
31,62,7,17.8449707747604
31,63,-1,3.00168815576044
31,64,-6,3.51516203944623
31,65,-2,-0.259364789251497
31,66,22,4.67180612446893
31,67,2,-18.9861746545873
31,68,-15,-10.2984638979244
31,69,3,7.12499934191092
31,70,-11,-7.51963981762776
31,71,7,8.19969025818741
31,72,-3,7.84991438288028
31,73,-2,11.1933570497412
31,74,6,10.311027075776
31,75,-4,-11.1306844125494
31,76,-3,3.29135392709816
31,77,7,6.39397536648049
31,78,-4,-0.883313285422053
31,79,0,2.84958209549497
31,80,8,9.18084409122795
31,81,-10,-5.02282061212811
31,82,-10,-10.3979946810385
31,83,-12,6.00485194710278
31,84,4,8.80384945754664
31,85,3,-9.03712543445737
31,86,13,3.94673005373321
31,87,-4,-8.71836192896423
31,88,4,-0.108505110980896
31,89,-23,-1.60271996852579
31,90,4,11.0434330618219
31,91,0,-3.68215747885983
31,92,-7,3.09336081762361
31,93,4,14.6572501453183
31,94,-4,2.25294789008309
31,95,7,7.99329185418715
31,96,8,10.033709452806
31,97,16,-6.30929522048758
31,98,-18,-3.38048628204856
31,99,0,13.28843303814
31,100,4,-3.16054201466132
31,101,16,-7.3783860941848
31,102,-1,-20.1858870164865
31,103,-13,0.390915437465374
31,104,-4,10.1123799473005
31,105,11,2.85229689781621
31,106,-6,-13.8138509106104
31,107,-7,13.8969532783369
31,108,13,12.4299459979811
31,109,2,-5.27078069291092
31,110,-15,-8.83000971165486
31,111,4,18.0840188933195
31,112,-4,-5.52728166841231
31,113,-2,10.3805175948819
31,114,10,8.97837686837113
31,115,-3,-1.69398256096579
31,116,14,-2.37972495490561
31,117,-6,-15.1760848203286
31,118,-11,3.61351540614899
31,119,-5,2.52445709745116
31,120,11,14.9671077081803
31,121,-7,-6.47135308535016
31,122,-7,21.1371721369626
31,123,4,12.144734259201
31,124,-9,0.493365696792059
31,125,9,9.1864163903278
31,126,6,3.35726985594914
31,127,-12,-4.27915492342835
31,128,9,9.05730569744497
31,129,4,-8.24831097630773
31,130,11,-10.2304716426648
31,131,-15,-14.0471224129188
31,132,0,10.2534530423507
31,133,18,-8.9329128518254
31,134,4,-14.0086312501442
31,135,-29,-9.91061015637853
31,136,4,13.960947057137
31,137,3,2.08618555282403
31,138,-10,1.75694632479855
31,139,21,16.4681680619135
31,140,-11,-19.7491780975657
31,141,-7,25.7250833644842
31,142,11,0.115125251484118
31,143,0,-7.12569383886455
31,144,-4,-15.3057339572366
31,145,7,13.5333617006937
31,146,-14,-7.11768047588221
31,147,18,5.7477645994172
31,148,-7,-18.7007199845535
31,149,7,5.54566967367767
31,150,5,-14.130123185902
31,151,-15,-8.62105593142127
31,152,3,5.21335399156197
31,153,3,4.230447759275
31,154,-18,1.67859816866894
31,155,-1,16.8968666780641
31,156,9,5.60741760313283
31,157,11,-7.62882899082144
31,158,4,-3.85635152128632
31,159,-15,-4.04445705814334
31,160,11,9.8726187194239
32,1,3,4.05519259342445
32,2,15,5.59321827909094
32,3,-11,-9.41755082623102
32,4,-7,2.03520356305335
32,5,-4,1.15039446950106
32,6,-2,8.6502184322875
32,7,5,9.62915944297337
32,8,-8,10.18756795694
32,9,1,10.9330026645485
32,10,-3,6.72301240849565
32,11,18,12.3793579362046
32,12,-4,-9.70701859515703
32,13,-3,-1.43797223871688
32,14,2,-8.77259944132596
32,15,3,7.42751198196033
32,16,6,1.54925837027052
32,17,15,-2.92434556430092
32,18,-17,-18.5971584923929
32,19,-6,3.16647963545712
32,20,-3,-2.03013573823683
32,21,2,8.97333214912335
32,22,0,2.80737380626103
32,23,3,13.1019326223626
32,24,-4,4.63414074260965
32,25,0,7.86650277620731
32,26,4,3.3498903377032
32,27,8,1.75786838719679
32,28,3,-6.73962609717517
32,29,-7,-5.84514614185679
32,30,-6,-2.56423342619613
32,31,-1,4.33574326016247
32,32,7,6.64368557614446
32,33,10,2.86885510568739
32,34,-7,-6.44168643172357
32,35,4,1.36767230542232
32,36,-4,-9.0689130905315
32,37,4,3.3470781509006
32,38,-4,-4.22178372677564
32,39,4,5.34485091739392
32,40,-3,-6.51264082962096
32,41,-5,8.60797803083542
32,42,-12,5.11797639351026
32,43,5,21.2300947416034
32,44,4,6.52383986235443
32,45,-4,13.9748485674009
32,46,15,8.29194167664017
32,47,-4,-10.5351614970725
32,48,0,0.803881409801679
32,49,-11,-5.95284187556198
32,50,1,6.65095708016014
32,51,0,-3.68541764423623
32,52,7,15.596846653114
32,53,-1,-5.47863423786069
32,54,-6,6.96412616637027
32,55,-2,4.52154733908501
32,56,22,5.8314865947296
32,57,2,-16.3321635814581
32,58,-15,-14.931278442082
32,59,3,0.887034018254
32,60,-11,-8.49970914836915
32,61,7,7.6527556798214
32,62,-3,2.70098175900465
32,63,-2,6.5259739942322
32,64,6,11.2867936129719
32,65,-4,2.41997877223089
32,66,-3,5.14071920127368
32,67,7,6.98919135168033
32,68,-4,-5.79695487706289
32,69,0,8.09516333577342
32,70,8,3.20531571935406
32,71,-10,-7.96509181959333
32,72,-10,-5.00633128641887
32,73,-12,2.94285411437006
32,74,4,4.45875450188351
32,75,3,-2.60440827129613
32,76,13,5.20904038357334
32,77,-4,0.497875221441975
32,78,4,-2.62151708162386
32,79,-23,-3.62973910271983
32,80,4,3.12356409309664
32,81,0,-5.85564325069998
32,82,-7,5.89728342361687
32,83,4,9.97548107956906
32,84,-4,0.980421073497372
32,85,7,8.51819171956465
32,86,8,13.376551694287
32,87,16,0.410405812360519
32,88,-18,-3.49687021713732
32,89,0,5.87201848440386
32,90,4,-2.75001492105531
32,91,16,2.00415202647304
32,92,-1,-17.8221467618823
32,93,-13,-7.46496170298292
32,94,-4,1.9904538428413
32,95,11,3.15391643824696
32,96,-6,-7.1378189864803
32,97,-7,12.8157499461214
32,98,13,4.01676929990541
32,99,2,-2.9046281204332
32,100,-15,-0.152715889124078
32,101,4,14.7040742471849
32,102,-4,-6.85953081202834
32,103,-2,9.90613519337654
32,104,10,3.09875663710819
32,105,-3,-1.46814898820155
32,106,14,3.19073165817328
32,107,-6,-13.3547513565649
32,108,-11,-3.48855169476959
32,109,-5,2.26997576101328
32,110,11,11.4294313195079
32,111,-7,-7.42791233934349
32,112,-7,19.9740845604816
32,113,4,5.47457766966461
32,114,-9,6.73556089336394
32,115,9,16.2210318162072
32,116,6,3.9507238561332
32,117,-12,-4.07742235167652
32,118,9,11.0464752947331
32,119,4,-6.39994038159309
32,120,11,-5.73333508341327
32,121,-15,-12.3938719190216
32,122,0,3.92878094757561
32,123,18,-8.02943797537588
32,124,4,-9.96480294274986
32,125,-29,-20.2010446807368
32,126,4,18.348093595057
32,127,3,-2.3233578210197
32,128,-10,8.24021862737476
32,129,21,17.8198962603355
32,130,-11,-15.211611578606
32,131,-7,21.1986137958548
32,132,11,5.27329064227725
32,133,0,-7.30170922344909
32,134,-4,-8.47739357820364
32,135,7,8.14974013937834
32,136,-14,-15.4953578456173
32,137,18,12.3008749152325
32,138,-7,-10.9560816444748
32,139,7,-0.602579376514294
32,140,5,-12.4477166725177
32,141,-15,-3.70712775194537
32,142,3,1.282411746711
32,143,3,2.01139281560289
32,144,-18,-3.23700746016242
32,145,-1,24.5369428701027
32,146,9,10.9645755689014
32,147,11,-6.66907630636664
32,148,4,-6.09450855578502
32,149,-15,-11.3214919432751
32,150,11,8.08392427087165
32,151,-4,-14.3285723305567
32,152,-1,7.0600894076149
32,153,-2,1.72857194159634
32,154,0,2.71122848058543
32,155,2,4.75121618249436
32,156,1,6.74486807625646
32,157,-3,-2.39418312485255
32,158,0,6.70866062190897
32,159,0,2.67884871986127
32,160,0,5.05783355381162
33,1,15,4.62328911791013
33,2,-11,-10.5838915308355
33,3,-7,4.39145197889539
33,4,-4,4.81124499393979
33,5,-2,8.09456543159082
33,6,5,9.20463798153684
33,7,-8,7.9118075357924
33,8,1,13.0809557032041
33,9,-3,9.15136672993818
33,10,18,14.2585243944
33,11,-4,-10.3392062098873
33,12,-3,-1.17661711534441
33,13,2,-6.75772267851141
33,14,3,7.3075804162199
33,15,6,3.77763797617194
33,16,15,-2.96711020481182
33,17,-17,-19.3375377791044
33,18,-6,4.26343761840036
33,19,-3,-1.40102192345503
33,20,2,4.3400275076932
33,21,0,2.40929651978712
33,22,3,8.5980673947822
33,23,-4,5.7486345622138
33,24,0,10.6893170853137
33,25,4,3.62262463698792
33,26,8,1.876164968378
33,27,3,-7.94840247715707
33,28,-7,-4.5510687351307
33,29,-6,-0.602489350321934
33,30,-1,3.96193838153017
33,31,7,4.33145790036488
33,32,10,1.54394996924034
33,33,-7,-6.97167929265211
33,34,4,3.48710536506545
33,35,-4,-7.77218677932131
33,36,4,0.797721720855353
33,37,-4,-6.27932213885043
33,38,4,5.61730287221217
33,39,-3,-6.90896119752103
33,40,-5,10.1745784244136
33,41,-12,5.4340776174978
33,42,5,24.1137833736664
33,43,4,5.67510180821179
33,44,-4,15.3641724819493
33,45,15,11.0495827203835
33,46,-4,-13.8391097220551
33,47,0,-0.249501649089943
33,48,-11,-6.50864696324875
33,49,1,8.95945218687731
33,50,0,-3.97655599520772
33,51,7,16.3736803356299
33,52,-1,-4.21006032092783
33,53,-6,5.44916931402689
33,54,-2,6.30462125684954
33,55,22,6.71220000877801
33,56,2,-14.2380381847738
33,57,-15,-13.3179905418057
33,58,3,1.80191583209036
33,59,-11,-7.19478754358425
33,60,7,7.29377958200515
33,61,-3,4.85759026775914
33,62,-2,3.54133465107795
33,63,6,12.0513373363346
33,64,-4,-0.126111265800979
33,65,-3,3.73132827830079
33,66,7,9.58173177712089
33,67,-4,-4.68552121709279
33,68,0,6.69330038808841
33,69,8,5.1627315307693
33,70,-10,-6.60221539618531
33,71,-10,-7.70808568602483
33,72,-12,2.54351079786958
33,73,4,5.11779024520173
33,74,3,-5.27824648484879
33,75,13,3.5943753814726
33,76,-4,-12.0897753160497
33,77,4,-2.4779589665477
33,78,-23,-5.8861980401889
33,79,4,5.22957793048313
33,80,0,-4.82282974588618
33,81,-7,4.98355853844533
33,82,4,10.6036718202391
33,83,-4,0.976283072832595
33,84,7,8.21529576983999
33,85,8,16.2807736977501
33,86,16,-1.88466231307108
33,87,-18,-3.79281332211665
33,88,0,11.000884606318
33,89,4,-2.50362081349582
33,90,16,-3.9863948452908
33,91,-1,-19.8357993534078
33,92,-13,-12.3844578260409
33,93,-4,5.01943522288333
33,94,11,2.2687684140754
33,95,-6,-9.93809099763414
33,96,-7,14.5650989371356
33,97,13,3.58847020236104
33,98,2,-2.69232966879429
33,99,-15,-2.11785896911346
33,100,4,17.4985570286862
33,101,-4,-6.3812482011734
33,102,-2,12.2607289760315
33,103,10,3.45387289404143
33,104,-3,-1.18886426176269
33,105,14,2.77018830730359
33,106,-6,-12.8789003030972
33,107,-11,-0.929855426903095
33,108,-5,2.4461772312287
33,109,11,13.3274645453462
33,110,-7,-9.27347164449882
33,111,-7,21.1352174244126
33,112,4,6.22054332196465
33,113,-9,7.55968834766954
33,114,9,15.8203821054234
33,115,6,3.46306727596708
33,116,-12,-4.28957395014132
33,117,9,12.2642718291476
33,118,4,-8.02071615928121
33,119,11,-8.3737359182409
33,120,-15,-15.2016736800123
33,121,0,3.37668236647543
33,122,18,-8.98993009604294
33,123,4,-13.2762987481031
33,124,-29,-21.1997838879375
33,125,4,19.1791353598238
33,126,3,-1.36968179074072
33,127,-10,-1.1308583800541
33,128,21,19.2424433160236
33,129,-11,-21.0153745739491
33,130,-7,20.824760877024
33,131,11,4.83181948348903
33,132,0,-10.4419229782565
33,133,-4,-7.75473335683494
33,134,7,6.77096953043581
33,135,-14,-15.2613394288904
33,136,18,12.3904543188501
33,137,-7,-9.64604227362331
33,138,7,0.938263305151027
33,139,5,-13.8831970044591
33,140,-15,-8.5005907886125
33,141,3,3.42841236999338
33,142,3,1.4528763528432
33,143,-18,-7.0863648034025
33,144,-1,25.981337933637
33,145,9,8.26878871852244
33,146,11,-7.43325213070668
33,147,4,-7.30739941406254
33,148,-15,-12.4929439506706
33,149,11,11.8154748855048
33,150,-4,-14.3101260480494
33,151,-1,3.67890181584499
33,152,-2,1.68920837252106
33,153,0,-0.688046937988522
33,154,2,3.56793326939288
33,155,1,7.77983394774914
33,156,-3,-0.615412623906901
33,157,0,8.908165844609
33,158,0,3.72937158938697
33,159,0,4.93698224762577
33,160,0,5.06383864279187
34,1,-11,-6.87916199001421
34,2,-7,1.06589316236403
34,3,-4,1.19664895527278
34,4,-2,12.2264574058094
34,5,5,11.3633407273987
34,6,-8,8.61153122170934
34,7,1,14.4024269840597
34,8,-3,13.9387868710622
34,9,18,19.0402092203782
34,10,-4,-9.56127721515956
34,11,-3,-2.36117835325574
34,12,2,-7.58572574249429
34,13,3,7.6288123424865
34,14,6,2.33580759832937
34,15,15,1.51138473194929
34,16,-17,-15.364337802852
34,17,-6,0.0875640492291021
34,18,-3,-3.45865428972974
34,19,2,6.90565361492446
34,20,0,2.89416613454654
34,21,3,10.5660764442971
34,22,-4,3.91728088213849
34,23,0,14.3289220935809
34,24,4,7.38591215702225
34,25,8,-0.805970414462709
34,26,3,-8.61435550026042
34,27,-7,-6.4525642357363
34,28,-6,-0.899529166581701
34,29,-1,4.72970039675976
34,30,7,6.39193079291549
34,31,10,0.909741259393229
34,32,-7,-6.29101296166335
34,33,4,4.94458712229997
34,34,-4,-3.91225453229873
34,35,4,2.51029167750763
34,36,-4,-8.51698034661041
34,37,4,2.55741401019785
34,38,-3,-5.06409275721304
34,39,-5,12.0862430328388
34,40,-12,9.03754926010509
34,41,5,23.3657076331491
34,42,4,11.1519181342913
34,43,-4,16.6347955634859
34,44,15,12.9132788876473
34,45,-4,-9.23957171693068
34,46,0,1.53739006871095
34,47,-11,-9.06848255249935
34,48,1,6.49434126057531
34,49,0,-3.7824018096647
34,50,7,16.9280114108198
34,51,-1,-1.95204472649975
34,52,-6,7.03971644441497
34,53,-2,9.34833498730263
34,54,22,7.21840507301201
34,55,2,-11.4229620278317
34,56,-15,-16.3292088108323
34,57,3,6.945580554105
34,58,-11,-4.12289777180977
34,59,7,12.766875401964
34,60,-3,0.146297079692896
34,61,-2,4.31375680910574
34,62,6,10.578697544008
34,63,-4,-6.62061351727001
34,64,-3,5.94369613895793
34,65,7,5.09784641628961
34,66,-4,-1.83422805563645
34,67,0,5.20812882451409
34,68,8,6.30297090468853
34,69,-10,-5.22339653993947
34,70,-10,-4.58037764843283
34,71,-12,2.56770691912425
34,72,4,2.77263669020798
34,73,3,-3.26094955758413
34,74,13,5.47216602849629
34,75,-4,11.1265173046359
34,76,4,-5.59824398818041
34,77,-23,-5.68457953588369
34,78,4,1.20116225252555
34,79,0,-4.65159373538816
34,80,-7,8.94068705334176
34,81,4,11.7188718368432
34,82,-4,1.7716509330144
34,83,7,10.9736746673564
34,84,8,22.1688637381241
34,85,16,0.662606029467226
34,86,-18,-3.56460213222411
34,87,0,6.47838558780111
34,88,4,-0.0582595372181283
34,89,16,6.59539164896493
34,90,-1,-21.2545184352153
34,91,-13,-15.2524277581631
34,92,-4,-5.10831169470056
34,93,11,5.99865409198022
34,94,-6,-6.75513604110095
34,95,-7,5.85604052398515
34,96,13,5.05450228276875
34,97,2,1.83376228779516
34,98,-15,-0.26238857108297
34,99,4,13.7697836766391
34,100,-4,-5.68282955763426
34,101,-2,8.8731793975957
34,102,10,3.74209527234438
34,103,-3,0.776331104353333
34,104,14,0.0908676112516886
34,105,-6,-16.1118742962914
34,106,-11,-0.548847780346713
34,107,-5,1.40104932372814
34,108,11,14.2057135826737
34,109,-7,-6.33402056018512
34,110,-7,18.2953483663423
34,111,4,11.2426819087519
34,112,-9,12.3139013315215
34,113,9,22.0531117707354
34,114,6,3.24055205983717
34,115,-12,-3.69216677936986
34,116,9,11.7534728021288
34,117,4,-2.8443648999416
34,118,11,-6.88237903754103
34,119,-15,-19.1237261653702
34,120,0,1.65859539647657
34,121,18,-10.0121068538998
34,122,4,-8.47224504370894
34,123,-29,-21.5347603224019
34,124,4,12.2228289303575
34,125,3,1.6531052118282
34,126,-10,12.2649183850683
34,127,21,16.2000439819681
34,128,-11,-17.5042999800906
34,129,-7,8.91159653707302
34,130,11,5.34048980063511
34,131,0,-5.7635952270531
34,132,-4,-11.811214906591
34,133,7,4.17452823615135
34,134,-14,-12.4408853410175
34,135,18,11.7621719167943
34,136,-7,-17.6283196490955
34,137,7,-0.110353849899476
34,138,5,-14.9420378225734
34,139,-15,-4.1251672206407
34,140,3,0.307008713845491
34,141,3,-0.825055523245965
34,142,-18,-1.40659075370512
34,143,-1,20.4977783371976
34,144,9,9.14927425277875
34,145,11,-5.57313429313716
34,146,4,-6.3668816728101
34,147,-15,-13.5113629582462
34,148,11,6.18052685955528
34,149,-4,-8.60371250612141
34,150,-1,6.39255192019657
34,151,-2,-0.408035415311935
34,152,0,0.540981566244948
34,153,2,3.12002170111743
34,154,1,9.62696132532748
34,155,-3,1.17547626684452
34,156,0,6.35231806605715
34,157,0,7.99397022960229
34,158,0,5.46548206925733
34,159,0,5.38326824453433
34,160,-4,5.72313573535203
35,1,-7,-0.768032803988527
35,2,-4,1.59940265790257
35,3,-2,11.305644485442
35,4,5,9.77494863939772
35,5,-8,6.18544214563757
35,6,1,16.2810724524796
35,7,-3,14.3159671730985
35,8,18,15.4413030167182
35,9,-4,-9.88074829442543
35,10,-3,-4.98763608940407
35,11,2,-5.89493584994418
35,12,3,6.24795521427969
35,13,6,1.39171322507941
35,14,15,1.99312122353993
35,15,-17,-12.4249560718573
35,16,-6,-1.31048382918551
35,17,-3,-3.25343481105679
35,18,2,5.2878953621482
35,19,0,3.24819425681316
35,20,3,10.0049299864687
35,21,-4,5.90755000042282
35,22,0,16.6081508504256
35,23,4,4.61303845113931
35,24,8,-2.64196914143761
35,25,3,-9.1476721617026
35,26,-7,-5.99578056811307
35,27,-6,0.804346508206452
35,28,-1,3.66446252173198
35,29,7,6.67071084816153
35,30,10,-1.57631106162839
35,31,-7,-6.34194175587493
35,32,4,6.70556549118034
35,33,-4,-4.3469165006533
35,34,4,1.97484984249593
35,35,-4,-10.1289344744165
35,36,4,2.33936794293259
35,37,-3,-4.3618564415349
35,38,-5,11.1403355464529
35,39,-12,10.1268377248017
35,40,5,21.7392013565425
35,41,4,10.8707386937208
35,42,-4,12.9795648511919
35,43,15,12.8503049777299
35,44,-4,-5.90606827363854
35,45,0,-0.199370127522057
35,46,-11,-8.94664030990862
35,47,1,5.46575751581203
35,48,0,-2.92135395431364
35,49,7,14.0224721236076
35,50,-1,-2.83443665704207
35,51,-6,7.19336218045002
35,52,-2,9.0475569716722
35,53,22,6.61287868124432
35,54,2,-10.7661916804573
35,55,-15,-20.5327264543373
35,56,3,4.66658136929373
35,57,-11,-6.65527187504745
35,58,7,14.9083852275684
35,59,-3,-2.40647089383215
35,60,-2,6.29895895706333
35,61,6,11.3122849294331
35,62,-4,-7.2092626570274
35,63,-3,8.14283375019943
35,64,7,4.07365840562699
35,65,-4,-2.30234220832517
35,66,0,4.66928404636731
35,67,8,4.93661969853914
35,68,-10,-5.899661740378
35,69,-10,-1.29565284871132
35,70,-12,0.548115922449325
35,71,4,3.80036174993045
35,72,3,-3.96282169005168
35,73,13,3.9702440234656
35,74,-4,9.51753135925087
35,75,4,-8.13321506103435
35,76,-23,-5.84708756005214
35,77,4,2.01368460078482
35,78,0,-4.25331531999024
35,79,-7,8.32422796043481
35,80,4,11.2882598924522
35,81,-4,1.32524032939561
35,82,7,12.8774617084796
35,83,8,23.0911116364211
35,84,16,0.539888488815662
35,85,-18,-3.42750761087758
35,86,0,3.98605864968753
35,87,4,-0.571217808711136
35,88,16,4.79426885482094
35,89,-1,-17.2037860401672
35,90,-13,-16.3391286515175
35,91,-4,-1.28017606778819
35,92,11,6.41357119820984
35,93,-6,-7.45803474601082
35,94,-7,1.97032556156823
35,95,13,7.02629539800992
35,96,2,3.41023599985557
35,97,-15,-5.04745579808537
35,98,4,11.7542678018173
35,99,-4,-6.42032539374267
35,100,-2,11.1475157835067
35,101,10,6.16985709369233
35,102,-3,1.23837044134082
35,103,14,-1.79212728644948
35,104,-6,-15.8258273321187
35,105,-11,-3.07995722145884
35,106,-5,2.1770173409651
35,107,11,10.5084719876751
35,108,-7,-5.1098192883871
35,109,-7,13.5276907602646
35,110,4,13.2512930805958
35,111,-9,10.6930129214225
35,112,9,19.736351920904
35,113,6,-0.476440240722437
35,114,-12,-2.91914786637189
35,115,9,11.5668229598683
35,116,4,-3.94358296609896
35,117,11,-5.5482013090993
35,118,-15,-19.5691854634917
35,119,0,2.09922568830378
35,120,18,-7.81021766389645
35,121,4,-7.65618399783497
35,122,-29,-23.4503974058742
35,123,4,15.9979503280726
35,124,3,0.942534289474614
35,125,-10,13.711267108091
35,126,21,18.2771142373763
35,127,-11,-13.8632414392672
35,128,-7,10.7422414445201
35,129,11,0.689642080198205
35,130,0,-6.71322434821882
35,131,-4,-11.9794033298629
35,132,7,2.31107596792116
35,133,-14,-11.6223434225366
35,134,18,14.9631655350045
35,135,-7,-19.3401477323783
35,136,7,-2.86237580320669
35,137,5,-14.6031243898622
35,138,-15,-6.46924100818591
35,139,3,4.11518711982924
35,140,3,-2.65573432860729
35,141,-18,-0.011434571758332
35,142,-1,20.0017137541643
35,143,9,7.92195983610813
35,144,11,-2.51558017064775
35,145,4,-6.48159815437331
35,146,-15,-14.5037196559825
35,147,11,7.69554491998201
35,148,-4,-7.89784363737357
35,149,-1,4.67168661050155
35,150,-2,-1.12346406749519
35,151,0,1.11038384152523
35,152,2,5.2919182212633
35,153,1,9.43791441909836
35,154,-3,1.97969183264768
35,155,0,5.38711371020282
35,156,0,8.37492888496337
35,157,0,5.21577005992051
35,158,0,5.08550589863591
35,159,-4,5.93491190005984
35,160,0,10.9125632435005
36,1,-4,-0.959057905391685
36,2,-2,10.6497849620226
36,3,5,10.7516555968606
36,4,-8,6.33376632840131
36,5,1,15.536735175926
36,6,-3,12.9373158374244
36,7,18,14.798112487381
36,8,-4,-13.7432006026589
36,9,-3,-5.01287359659184
36,10,2,-7.02044422035156
36,11,3,5.42205624996258
36,12,6,-0.52283591394402
36,13,15,2.2168250600608
36,14,-17,-16.2131302018626
36,15,-6,-2.33116766333255
36,16,-3,-4.69445649610328
36,17,2,4.54245966628369
36,18,0,4.1071731444226
36,19,3,12.308391752678
36,20,-4,5.34828144030677
36,21,0,15.4794804023863
36,22,4,4.55938711079642
36,23,8,-4.25492015260943
36,24,3,-9.56104879876532
36,25,-7,-8.06526131958525
36,26,-6,0.0392630674524508
36,27,-1,2.97400605916535
36,28,7,6.9261364571425
36,29,10,-2.40113368609187
36,30,-7,-8.28414513197463
36,31,4,4.90001836958953
36,32,-4,-5.19861051271082
36,33,4,2.41358653265958
36,34,-4,-10.0089799283834
36,35,4,1.51644562156098
36,36,-3,-4.86891593055487
36,37,-5,10.3245129900299
36,38,-12,10.0221637194058
36,39,5,19.6866591775458
36,40,4,10.3090479283281
36,41,-4,11.4597499234727
36,42,15,11.8333961935014
36,43,-4,-8.98899257430027
36,44,0,-0.138919010244644
36,45,-11,-9.67043421791925
36,46,1,3.6575779467816
36,47,0,-2.42878717800258
36,48,7,12.9425254864928
36,49,-1,-3.90222242477472
36,50,-6,7.23473406633036
36,51,-2,8.98094364795661
36,52,22,5.11597654132308
36,53,2,-11.1560028053895
36,54,-15,-20.7577132692382
36,55,3,3.56264672935784
36,56,-11,-8.48534629334719
36,57,7,17.8572128330885
36,58,-3,-4.06221451010559
36,59,-2,6.92793709370501
36,60,6,10.4785443963741
36,61,-4,-5.92765661810668
36,62,-3,8.70817806328745
36,63,7,1.562401349328
36,64,-4,-3.44013955172913
36,65,0,3.77131672001991
36,66,8,3.81613082969554
36,67,-10,-7.29964652248663
36,68,-10,-5.2060835038699
36,69,-12,0.386008227142423
36,70,4,3.10593010723338
36,71,3,-4.8279262352503
36,72,13,5.47251316602504
36,73,-4,12.436991703375
36,74,4,-11.1451761677417
36,75,-23,-7.01339900283784
36,76,4,0.624435299917586
36,77,0,-5.74625392207618
36,78,-7,8.53784730733708
36,79,4,10.849161079186
36,80,-4,0.394979503741449
36,81,7,12.7921810389889
36,82,8,22.2027067699483
36,83,16,0.565240595014894
36,84,-18,-10.100810015469
36,85,0,1.69854590281123
36,86,4,-1.41369147967854
36,87,16,5.75717927712131
36,88,-1,-20.2210036565602
36,89,-13,-13.7697319144987
36,90,-4,-2.8944923693784
36,91,11,5.68108317013808
36,92,-6,-6.67962033960299
36,93,-7,-1.72332412299725
36,94,13,7.33511629387877
36,95,2,-0.27720102748449
36,96,-15,-4.17344474363647
36,97,4,10.4846062533853
36,98,-4,-8.14674111810697
36,99,-2,9.76565457069688
36,100,10,6.00938351689756
36,101,-3,-1.10805960113232
36,102,14,-2.70483513383969
36,103,-6,-20.9358419585427
36,104,-11,-4.77385768534353
36,105,-5,2.25643582154873
36,106,11,8.49489944078624
36,107,-7,-5.81943739227276
36,108,-7,11.0168907794194
36,109,4,13.5409955140668
36,110,-9,9.44919993233327
36,111,9,21.0049719884663
36,112,6,-2.27952858717793
36,113,-12,-5.28204195351622
36,114,9,10.8966569862322
36,115,4,-4.34476496043226
36,116,11,-6.61478727417623
36,117,-15,-21.5238087714017
36,118,0,1.53374440100214
36,119,18,-8.16852470502304
36,120,4,-10.6683677530062
36,121,-29,-22.1639158128481
36,122,4,16.5602387481052
36,123,3,-0.791177370152718
36,124,-10,16.046797281868
36,125,21,17.3243809380044
36,126,-11,-9.23919037632912
36,127,-7,11.8139777200092
36,128,11,-0.143550651672578
36,129,0,-8.16648251538292
36,130,-4,-11.9777944283295
36,131,7,2.48246735882894
36,132,-14,-12.1437648090407
36,133,18,14.8326977938498
36,134,-7,-23.2188905446018
36,135,7,-4.29682393610623
36,136,5,-15.1044908564451
36,137,-15,-5.05454789644079
36,138,3,6.00548694125157
36,139,3,-4.16310085781485
36,140,-18,0.551036272782619
36,141,-1,18.416108975979
36,142,9,9.36304717038199
36,143,11,-1.45914038732791
36,144,4,-8.64888728751906
36,145,-15,-15.8171674538565
36,146,11,5.91867289336358
36,147,-4,-10.3493981610422
36,148,-1,4.46147173726202
36,149,-2,-1.9068286751631
36,150,0,2.26338172311146
36,151,2,6.16590970667082
36,152,1,8.58603788894797
36,153,-3,1.06624044215777
36,154,0,3.47486091667082
36,155,0,7.91050871425787
36,156,0,4.48890082562467
36,157,0,4.23884083777785
36,158,-4,4.45235531631148
36,159,0,9.99216023804844
36,160,4,8.01882069591489
37,1,5,10.6219353965811
37,2,-8,6.70150896533014
37,3,1,16.1028809130194
37,4,-3,13.2409904126841
37,5,18,15.0210602948872
37,6,-4,-12.5739072390365
37,7,-3,-4.74340893253587
37,8,2,-5.60016401400525
37,9,3,5.88681010325899
37,10,6,2.40731696916872
37,11,15,1.03838777924612
37,12,-17,-16.7212146464337
37,13,-6,-1.08369116719559
37,14,-3,-3.74721446905481
37,15,2,4.79806168468208
37,16,0,2.89829147207392
37,17,3,10.2181232819507
37,18,-4,4.94239495763067
37,19,0,15.7333901877585
37,20,4,3.66373632977339
37,21,8,-3.35741372955376
37,22,3,-8.81951778051901
37,23,-7,-7.19109419290369
37,24,-6,1.0577314152594
37,25,-1,3.32849293449912
37,26,7,5.45022935980901
37,27,10,-0.98532602631968
37,28,-7,-7.41176944636946
37,29,4,5.42408466470502
37,30,-4,-4.83886963100684
37,31,4,1.98834677759089
37,32,-4,-9.2864731087835
37,33,4,1.97843877694332
37,34,-3,-4.87221989839368
37,35,-5,10.8635159352468
37,36,-12,10.2391540861823
37,37,5,21.2104117835391
37,38,4,9.42743552533544
37,39,-4,13.3860511041443
37,40,15,14.7958070298943
37,41,-4,-11.127397897812
37,42,0,-0.785004468302454
37,43,-11,-8.67444417177112
37,44,1,6.30658171437421
37,45,0,-3.96338121742293
37,46,7,13.0417726330822
37,47,-1,-1.92048377353601
37,48,-6,5.97837723036994
37,49,-2,8.76312890301368
37,50,22,5.81413288604268
37,51,2,-13.1420187917509
37,52,-15,-17.4941368161372
37,53,3,5.354196108849
37,54,-11,-6.19827700288378
37,55,7,13.4399263819224
37,56,-3,-1.99120248374776
37,57,-2,3.78851287134874
37,58,6,12.8527071999493
37,59,-4,-7.67975658154121
37,60,-3,8.20890179021711
37,61,7,3.74579123330766
37,62,-4,-3.26338223237883
37,63,0,4.62565171856362
37,64,8,5.11400334104338
37,65,-10,-6.5020789995337
37,66,-10,-6.7338638903701
37,67,-12,2.76486997904125
37,68,4,3.71292446237503
37,69,3,-5.09530079284403
37,70,13,5.05011004430441
37,71,-4,7.00307059188747
37,72,4,-7.84530316383326
37,73,-23,-8.34966232714181
37,74,4,1.45542285079378
37,75,0,-5.51602709541602
37,76,-7,7.65267043331406
37,77,4,12.8251785010696
37,78,-4,0.212068396094267
37,79,7,11.9096257488436
37,80,8,23.0737939143681
37,81,16,-1.10226295702403
37,82,-18,-8.89465319639082
37,83,0,6.59134624602864
37,84,4,-1.47981550505111
37,85,16,4.38521768153402
37,86,-1,-22.038653830569
37,87,-13,-17.1611263786408
37,88,-4,-1.67196397896732
37,89,11,5.69692351671758
37,90,-6,-10.6903581732686
37,91,-7,2.76761587329573
37,92,13,6.37171793743779
37,93,2,-0.26955312405629
37,94,-15,-5.20451442134722
37,95,4,13.9898119010099
37,96,-4,-7.6082350001356
37,97,-2,10.8320699159656
37,98,10,5.30225061433274
37,99,-3,-1.30265901884519
37,100,14,-2.29004780793656
37,101,-6,-19.2569176699123
37,102,-11,-2.84966717058635
37,103,-5,2.29280865065622
37,104,11,10.4832044829318
37,105,-7,-7.83230367432085
37,106,-7,14.6227706416976
37,107,4,12.9100755810755
37,108,-9,9.78726367064101
37,109,9,20.5242486428619
37,110,6,-0.674578352371912
37,111,-12,-5.74496316816957
37,112,9,13.9593132716767
37,113,4,-5.56604183436201
37,114,11,-8.02172645497273
37,115,-15,-19.5696681264894
37,116,0,1.41231312442172
37,117,18,-9.39831236959582
37,118,4,-11.9739441700601
37,119,-29,-22.1310947713891
37,120,4,16.5007295996167
37,121,3,-0.670768659539498
37,122,-10,11.3516896552592
37,123,21,17.2225001482077
37,124,-11,-18.8236702372992
37,125,-7,11.2342878747318
37,126,11,2.34729310410584
37,127,0,-8.5993617816941
37,128,-4,-11.9863474902015
37,129,7,3.68817281409841
37,130,-14,-12.9637377108193
37,131,18,13.5019092813712
37,132,-7,-22.6961769458953
37,133,7,-2.68915029625244
37,134,5,-13.5303809271152
37,135,-15,-6.41154626910734
37,136,3,5.34726630424595
37,137,3,-3.94815049212036
37,138,-18,-1.8420958108031
37,139,-1,21.529646457258
37,140,9,6.04097610265962
37,141,11,-3.90583605712307
37,142,4,-9.12084619173103
37,143,-15,-15.5992778725465
37,144,11,8.24043033355355
37,145,-4,-10.5725797968142
37,146,-1,2.69447425762201
37,147,-2,0.177973417955601
37,148,0,0.325147762159091
37,149,2,4.78146016689831
37,150,1,8.48467942213792
37,151,-3,1.38319055427067
37,152,0,4.8181048134977
37,153,0,7.63652002267375
37,154,0,4.37533758103206
37,155,0,5.22462632637095
37,156,-4,5.24360974405421
37,157,0,10.2222840717235
37,158,4,7.87804579743115
37,159,-7,4.12662522602971
37,160,0,13.4114005045543
38,1,-3,6.23993160881988
38,2,18,5.1645458467728
38,3,-4,-18.5464214767095
38,4,-3,-3.15957451952113
38,5,2,-5.69063434092855
38,6,3,8.77017168018179
38,7,6,-1.99376394260988
38,8,15,-0.608783908847236
38,9,-17,-15.5981380811373
38,10,-6,-1.70743726776788
38,11,-3,-1.71926200901362
38,12,2,5.32358013899426
38,13,0,1.37433421376569
38,14,3,15.4509828281065
38,15,-4,13.3704460949865
38,16,0,8.98777796950184
38,17,4,-2.90334274829816
38,18,8,-3.62119799540716
38,19,3,-7.74032377910526
38,20,-7,-3.95502539246792
38,21,-6,2.1294006484852
38,22,-1,2.27652992871522
38,23,7,5.78613068603938
38,24,10,1.69680253079083
38,25,-7,-2.78953849777925
38,26,4,4.88799133135946
38,27,-4,-6.91036556246238
38,28,4,0.410776979676697
38,29,-4,-8.93911323110118
38,30,4,7.84484587775292
38,31,-3,-2.99621046668194
38,32,-5,10.1784765334169
38,33,-12,5.09111992375125
38,34,5,17.0427486184066
38,35,4,7.65512140708895
38,36,-4,9.48744439236198
38,37,15,10.0335701822576
38,38,-4,-12.7812207105296
38,39,0,-3.15006139400714
38,40,-11,-7.91269043941726
38,41,1,7.81129561640448
38,42,0,-7.40138810514747
38,43,7,16.2520504448551
38,44,-1,2.2496053798146
38,45,-6,4.45552144435954
38,46,-2,-0.763933650952218
38,47,22,3.92410620654745
38,48,2,-18.1400247930017
38,49,-15,-15.076804873359
38,50,3,6.6296257069111
38,51,-11,-8.04485242026706
38,52,7,7.45197320407112
38,53,-3,3.77839078840599
38,54,-2,14.0072746750339
38,55,6,8.88444913721013
38,56,-4,-11.1999926840727
38,57,-3,3.09352981911614
38,58,7,1.61037341039213
38,59,-4,-0.0724814985918858
38,60,0,0.464171139856728
38,61,8,6.02014642541878
38,62,-10,-4.70426465499788
38,63,-10,-5.94026622372855
38,64,-12,-3.74591331690844
38,65,4,5.94397210262869
38,66,3,-7.80747839348421
38,67,13,0.885562588807296
38,68,-4,1.08508124665858
38,69,4,-4.55856850680633
38,70,-23,0.142527728774748
38,71,4,7.87387360151763
38,72,0,-3.19077263236784
38,73,-7,3.38283168473806
38,74,4,10.6921310451818
38,75,-4,1.83451677943647
38,76,7,8.80626743041915
38,77,8,9.08120387749076
38,78,16,-6.84862226549886
38,79,-18,-5.28607058295531
38,80,0,4.89891566916812
38,81,4,-3.94729555983518
38,82,16,-4.03347183292562
38,83,-1,-21.9555861702289
38,84,-13,-3.96782973622313
38,85,-4,10.3087863529716
38,86,11,1.7244254611111
38,87,-6,-14.2851254104625
38,88,-7,6.58445648706012
38,89,13,11.149191185409
38,90,2,-2.85189835149885
38,91,-15,-13.9913862423161
38,92,4,12.6972460215108
38,93,-4,-5.56195376104993
38,94,-2,8.48444077479569
38,95,10,8.58488176717992
38,96,-3,-1.99489439106248
38,97,14,-5.35594394561351
38,98,-6,-18.2865880324688
38,99,-11,-1.09089311571381
38,100,-5,-1.85517386323011
38,101,11,11.6992138945532
38,102,-7,-7.2005740483216
38,103,-7,14.2712053248718
38,104,4,10.5755493901402
38,105,-9,1.99496116599376
38,106,9,5.36461819102716
38,107,6,-0.412543404910242
38,108,-12,-2.12713616859594
38,109,9,4.66054360868134
38,110,4,-8.22318057913073
38,111,11,-8.07038485336969
38,112,-15,-17.9801094623223
38,113,0,9.38239822729064
38,114,18,-9.62489396990275
38,115,4,-12.5146387670511
38,116,-29,-15.3693845993178
38,117,4,18.3859801335579
38,118,3,3.85265437386249
38,119,-10,5.40120168360176
38,120,21,14.9991968359295
38,121,-11,-13.3885851900586
38,122,-7,27.7319991337254
38,123,11,-7.40823698150655
38,124,0,-4.66115056140019
38,125,-4,-20.512172992978
38,126,7,8.02009313574466
38,127,-14,-4.79461469553222
38,128,18,5.3959577305583
38,129,-7,-22.6826425585537
38,130,7,1.18452926087321
38,131,5,-16.6606913131004
38,132,-15,-6.81906187078965
38,133,3,2.8383526428081
38,134,3,0.925261094904224
38,135,-18,4.8770698607623
38,136,-1,14.5899220876055
38,137,9,5.54875354231163
38,138,11,-7.51003121156253
38,139,4,-3.9825044199748
38,140,-15,-6.38430428765766
38,141,11,6.95942420970543
38,142,-4,-13.0217846964211
38,143,-1,1.88356716942088
38,144,-2,2.13640449133026
38,145,0,6.19384927485325
38,146,2,4.1090863697104
38,147,1,4.90057886798736
38,148,-3,5.3739633533687
38,149,0,1.43018672521044
38,150,0,2.47098062575373
38,151,0,3.44689762786198
38,152,0,4.7532870398816
38,153,-4,5.2511304542289
38,154,0,8.71378971643801
38,155,4,7.28189078225928
38,156,-7,4.49800366831673
38,157,0,10.2805818104625
38,158,-4,6.06803752043521
38,159,-5,11.2425155521441
38,160,-2,10.161962425275
39,1,3,6.45901720038628
39,2,6,-0.0532470692150442
39,3,15,1.71750558672844
39,4,-17,-12.3917886880259
39,5,-6,0.37225375212896
39,6,-3,-3.64810905258114
39,7,2,4.80691705449324
39,8,0,3.28135265101643
39,9,3,11.2168526876907
39,10,-4,1.65911927612116
39,11,0,15.9837998084612
39,12,4,4.3621795023576
39,13,8,-1.56334489523875
39,14,3,-9.21519534204894
39,15,-7,-5.89194487964864
39,16,-6,-0.517845192729091
39,17,-1,4.2307295624503
39,18,7,6.08450338092004
39,19,10,-1.08366928811117
39,20,-7,-6.11796974354244
39,21,4,5.02374623374227
39,22,-4,-5.07583596041722
39,23,4,2.44685139143666
39,24,-4,-9.39989461628385
39,25,4,3.3121680244118
39,26,-3,-6.80969900595994
39,27,-5,12.4928333799056
39,28,-12,8.26489445758872
39,29,5,23.3807977674688
39,30,4,8.64391289828693
39,31,-4,14.730159101881
39,32,15,11.8661113792667
39,33,-4,-6.20482588158699
39,34,0,-1.03757094720462
39,35,-11,-7.59595242604646
39,36,1,5.66234947539023
39,37,0,-4.87849479491523
39,38,7,17.1653154088003
39,39,-1,-4.7039971453716
39,40,-6,8.04063935473235
39,41,-2,6.23972533857493
39,42,22,7.27661628118711
39,43,2,-11.4513125077238
39,44,-15,-18.549674299446
39,45,3,4.93830369176156
39,46,-11,-8.30727643956645
39,47,7,14.6254600999108
39,48,-3,-1.03837999391934
39,49,-2,5.11510779829019
39,50,6,8.15227665722916
39,51,-4,-6.6715734615917
39,52,-3,5.47281325729958
39,53,7,6.22496460831422
39,54,-4,-4.00884696673568
39,55,0,5.17328632413668
39,56,8,5.77806317434005
39,57,-10,-6.89107664555025
39,58,-10,-2.56795946247092
39,59,-12,2.16750912213841
39,60,4,3.88419795262626
39,61,3,-6.82069232252229
39,62,13,5.49115816258511
39,63,-4,15.8769699359687
39,64,4,-5.88592642179013
39,65,-23,-6.82816759340078
39,66,4,2.45736196917199
39,67,0,-6.14937729193514
39,68,-7,8.78951061134241
39,69,4,11.0682477186563
39,70,-4,0.767228634309175
39,71,7,10.8407310483059
39,72,8,20.2519116065218
39,73,16,0.53235307936554
39,74,-18,-0.190535264964318
39,75,0,3.96977031837325
39,76,4,-1.36656918428173
39,77,16,3.51513972479326
39,78,-1,-14.5952157908226
39,79,-13,-14.2765898783939
39,80,-4,-5.14627226604702
39,81,11,6.15823078753622
39,82,-6,-7.91849702937497
39,83,-7,5.10934570361856
39,84,13,5.29441703259901
39,85,2,1.0187084515349
39,86,-15,-5.14335774026672
39,87,4,14.8745669047021
39,88,-4,-8.72890847923095
39,89,-2,12.5300034776778
39,90,10,1.86843966233694
39,91,-3,2.6926435622281
39,92,14,-3.13526692791421
39,93,-6,-13.5211912673838
39,94,-11,-3.90341853032278
39,95,-5,2.33858474713591
39,96,11,12.3498497423949
39,97,-7,-6.63984803936426
39,98,-7,17.0831687211503
39,99,4,10.5477212605973
39,100,-9,9.34312425485248
39,101,9,19.2279410399052
39,102,6,2.5310549156522
39,103,-12,-4.84884742440278
39,104,9,11.6805900890461
39,105,4,-2.8862420250263
39,106,11,-7.81669321997733
39,107,-15,-16.4988478247953
39,108,0,2.42092771512749
39,109,18,-11.2278441260198
39,110,4,-5.56665126394585
39,111,-29,-23.0773113457917
39,112,4,17.5248380048709
39,113,3,-3.79329621230644
39,114,-10,13.4396581412
39,115,21,21.2146016811239
39,116,-11,-14.988166605642
39,117,-7,5.9723077267972
39,118,11,1.19862245145415
39,119,0,-7.0325973436711
39,120,-4,-13.6881408483738
39,121,7,6.38755789555448
39,122,-14,-15.250484540838
39,123,18,14.625689492517
39,124,-7,-16.7960204817052
39,125,7,-2.72778766746888
39,126,5,-15.902403267451
39,127,-15,-4.87027649898407
39,128,3,0.837560646485002
39,129,3,0.400779874807697
39,130,-18,-2.94767848804571
39,131,-1,22.8112554334899
39,132,9,6.701356908982
39,133,11,-5.63711415193256
39,134,4,-3.69048120768933
39,135,-15,-15.3697408429155
39,136,11,8.33360321092036
39,137,-4,-9.70974046547485
39,138,-1,5.52553507254046
39,139,-2,0.115774313217591
39,140,0,0.447342515781816
39,141,2,1.56395462698069
39,142,1,11.4133887571594
39,143,-3,0.172986954088945
39,144,0,6.46248884315953
39,145,0,7.27230175272689
39,146,0,5.22700905579129
39,147,0,4.72808191016256
39,148,-4,5.39042423238056
39,149,0,9.64357808544855
39,150,4,9.13513768313801
39,151,-7,4.20559265083072
39,152,0,12.1802603632107
39,153,-4,7.68590664586295
39,154,-5,13.7918918793732
39,155,-2,15.6176610267155
39,156,2,16.8390267783668
39,157,3,9.5066979299671
39,158,-3,10.6544103833052
39,159,3,11.0971523310543
39,160,-5,1.91096576073047
40,1,6,0.00923436700149693
40,2,15,2.36395658286223
40,3,-17,-14.6158881050797
40,4,-6,-0.383660607908017
40,5,-3,-1.70496325126034
40,6,2,3.24286185064442
40,7,0,4.2036442503845
40,8,3,8.68827306386027
40,9,-4,5.16080291759793
40,10,0,16.7405112170429
40,11,4,7.29582406213465
40,12,8,-3.62570437051376
40,13,3,-9.57903452772552
40,14,-7,-7.91616576587326
40,15,-6,-0.596237939953573
40,16,-1,5.14791975538158
40,17,7,6.65185062923783
40,18,10,-0.125712007151571
40,19,-7,-7.36105660870923
40,20,4,4.51720330777175
40,21,-4,-1.11194413072912
40,22,4,2.11359167562152
40,23,-4,-8.6676618225545
40,24,4,0.00768313472925031
40,25,-3,-3.77649017875472
40,26,-5,11.7653103309586
40,27,-12,10.9126194144535
40,28,5,21.4277676158722
40,29,4,12.7503272948896
40,30,-4,13.0239915057552
40,31,15,13.3320554154552
40,32,-4,-9.62036420409444
40,33,0,2.34897983703724
40,34,-11,-6.82314636664228
40,35,1,4.61115991326989
40,36,0,-3.28498440270869
40,37,7,14.3411763430163
40,38,-1,-0.490734541171558
40,39,-6,4.62531872064018
40,40,-2,9.18887919478377
40,41,22,7.94251486043529
40,42,2,-17.5091551123969
40,43,-15,-17.0692067202453
40,44,3,-0.493272936800271
40,45,-11,-2.74543915668482
40,46,7,11.5087853034475
40,47,-3,2.53365089034067
40,48,-2,0.598911756484121
40,49,6,11.9917307926566
40,50,-4,-3.03953362291586
40,51,-3,6.01320504751047
40,52,7,4.40282023965663
40,53,-4,-1.38044979183179
40,54,0,2.8360314354487
40,55,8,7.12503004828231
40,56,-10,-5.80044375809477
40,57,-10,-4.9623702008451
40,58,-12,6.0616258613374
40,59,4,2.73489298112084
40,60,3,-4.34688545309488
40,61,13,4.98171953481893
40,62,-4,-3.38048155846495
40,63,4,-5.35738632923893
40,64,-23,-9.2829702482646
40,65,4,-0.389564523769218
40,66,0,-4.45877918693454
40,67,-7,9.0513100898946
40,68,4,12.35833938245
40,69,-4,1.11529117881094
40,70,7,10.2311446628082
40,71,8,23.3652786527572
40,72,16,1.97482527103303
40,73,-18,-6.09021319796246
40,74,0,6.03608969568363
40,75,4,1.54333608505463
40,76,16,4.70198282231686
40,77,-1,-19.2876757445644
40,78,-13,-16.4322868526645
40,79,-4,-4.18766128466665
40,80,11,10.3822374818304
40,81,-6,-8.16644349028519
40,82,-7,1.69705486419171
40,83,13,5.74729958457383
40,84,2,2.82551873990568
40,85,-15,-0.255496740257853
40,86,4,12.5593161721304
40,87,-4,-5.67815885590851
40,88,-2,9.36062146287873
40,89,10,6.94368290516274
40,90,-3,2.21734725047649
40,91,14,-0.282422258717061
40,92,-6,-17.3604048391348
40,93,-11,-1.2020482786314
40,94,-5,2.47954864355809
40,95,11,13.9578464463184
40,96,-7,-6.65314914358142
40,97,-7,15.0676408787441
40,98,4,13.5254240112531
40,99,-9,12.2277692155462
40,100,9,21.2402533491865
40,101,6,2.70133819464474
40,102,-12,-6.85778786097135
40,103,9,11.5537394453283
40,104,4,-0.3638786822726
40,105,11,-9.65530195136218
40,106,-15,-18.5040265605005
40,107,0,-0.234059971438115
40,108,18,-7.85809650255624
40,109,4,-10.9421799380084
40,110,-29,-16.9384270711808
40,111,4,8.83961132199562
40,112,3,6.64403775540287
40,113,-10,8.58103367494183
40,114,21,18.9741363152989
40,115,-11,-24.7414293266848
40,116,-7,10.5987234508232
40,117,11,7.55822019165755
40,118,0,-6.97715226231684
40,119,-4,-15.1689780285744
40,120,7,4.37633219063375
40,121,-14,-11.0065937023122
40,122,18,10.8928223816862
40,123,-7,-15.6179111874673
40,124,7,-1.79791108532771
40,125,5,-12.568527177678
40,126,-15,-5.68356551819666
40,127,3,1.46690711930456
40,128,3,0.7268348448794
40,129,-18,-2.43306714414198
40,130,-1,18.9216506191808
40,131,9,10.4405226009749
40,132,11,-4.07404446179554
40,133,4,-5.123442294626
40,134,-15,-13.856702588095
40,135,11,4.01474797572572
40,136,-4,-5.14046758731073
40,137,-1,2.61323170572922
40,138,-2,1.47416090962346
40,139,0,-1.35891235079992
40,140,2,4.37003353304029
40,141,1,11.7123084267332
40,142,-3,1.69007540385424
40,143,0,3.93417582986426
40,144,0,9.36656021974139
40,145,0,4.42125112400992
40,146,0,4.87350137871801
40,147,-4,4.97584257420866
40,148,0,9.41197756304375
40,149,4,9.74934387744149
40,150,-7,4.47106990476526
40,151,0,11.1379076721482
40,152,-4,8.68639365321595
40,153,-5,13.8647711814274
40,154,-2,17.0277064571331
40,155,2,16.109991861678
40,156,3,11.254821604551
40,157,-3,11.4237657262941
40,158,3,11.2871356915006
40,159,-5,2.4078915039135
40,160,0,9.35493341850626
41,1,8,-2.04037722218314
41,2,3,-8.31907952947981
41,3,-7,-6.52625215412707
41,4,-6,-0.236112499330123
41,5,-1,4.63687664464265
41,6,7,6.16929309089313
41,7,10,1.18421623316618
41,8,-7,-6.0307016202642
41,9,4,4.92027270953059
41,10,-4,-2.83314304262117
41,11,4,1.61646370820592
41,12,-4,-7.04915710999816
41,13,4,1.78158209470096
41,14,-3,-3.57482732763212
41,15,-5,11.6773326966272
41,16,-12,10.5335217212095
41,17,5,22.5119966935278
41,18,4,11.6313464861899
41,19,-4,13.8840087775655
41,20,15,13.9680844438188
41,21,-4,-10.0635131896959
41,22,0,-0.861265833910388
41,23,-11,-5.4364523650998
41,24,1,4.96513848204577
41,25,0,-2.40411339203589
41,26,7,14.5460761836721
41,27,-1,-0.116211854591173
41,28,-6,6.02634542541721
41,29,-2,8.98014486681171
41,30,22,7.88889506672644
41,31,2,-18.1831335621003
41,32,-15,-16.4395757351971
41,33,3,1.87519404379986
41,34,-11,-5.56918822941931
41,35,7,10.6956680136593
41,36,-3,1.89996929644268
41,37,-2,2.26946901961673
41,38,6,12.4077952630605
41,39,-4,-1.34593190549285
41,40,-3,6.39852179731091
41,41,7,6.77912654385819
41,42,-4,-2.41068852622076
41,43,0,5.00240948376771
41,44,8,7.23706617081934
41,45,-10,-6.22373716370386
41,46,-10,-6.98242182492506
41,47,-12,5.1681453283034
41,48,4,3.89492868437016
41,49,3,-5.66868755255497
41,50,13,6.16653445776849
41,51,-4,-3.82671940355513
41,52,4,-3.85823450600443
41,53,-23,-8.7171931372813
41,54,4,1.71915836980297
41,55,0,-4.30098642858901
41,56,-7,8.28430953136414
41,57,4,13.110328202937
41,58,-4,1.33713882061649
41,59,7,10.5329957832731
41,60,8,21.2003996459267
41,61,16,2.2451523169427
41,62,-18,-5.34389123632747
41,63,0,7.32305668889649
41,64,4,0.691535854981602
41,65,16,1.00424524657009
41,66,-1,-21.1966401070684
41,67,-13,-16.7494732979861
41,68,-4,-2.90426579436166
41,69,11,8.13156047866537
41,70,-6,-8.88850735464602
41,71,-7,4.24009428252834
41,72,13,7.05326604246667
41,73,2,0.0940594249919302
41,74,-15,-1.05139601964494
41,75,4,15.7710184019078
41,76,-4,-6.25835475882416
41,77,-2,11.8281070044764
41,78,10,5.94328259018873
41,79,-3,1.94748715316637
41,80,14,1.03565131118967
41,81,-6,-15.6577552515563
41,82,-11,-3.75227375073561
41,83,-5,3.57430742227649
41,84,11,12.6137223441971
41,85,-7,-6.72771347817489
41,86,-7,16.9962695693878
41,87,4,13.4893802669532
41,88,-9,10.6306415329562
41,89,9,21.8290979960576
41,90,6,3.96500038834325
41,91,-12,-5.75406625381501
41,92,9,13.9397651400817
41,93,4,-2.42610416668124
41,94,11,-9.61898431974444
41,95,-15,-16.713394717148
41,96,0,0.736466433415213
41,97,18,-8.28927409947362
41,98,4,-13.3030544544281
41,99,-29,-21.8787124623803
41,100,4,15.7593691294559
41,101,3,1.96820061980037
41,102,-10,6.4375073547742
41,103,21,11.9774626250562
41,104,-11,-23.30835192551
41,105,-7,6.79600821912183
41,106,11,10.2054965851186
41,107,0,-9.6113097084888
41,108,-4,-12.3097161595888
41,109,7,6.76080512735474
41,110,-14,-12.4734943411135
41,111,18,13.2786099745824
41,112,-7,-14.4219748516908
41,113,7,-4.89383018565126
41,114,5,-12.8916111794415
41,115,-15,-6.95147510696877
41,116,3,3.40139873745211
41,117,3,1.10012122891246
41,118,-18,-3.99938463150992
41,119,-1,21.6856391890444
41,120,9,10.7707302189851
41,121,11,-4.35969203875612
41,122,4,-5.6496713283475
41,123,-15,-13.6494464612331
41,124,11,7.36817144713444
41,125,-4,-8.34995581733104
41,126,-1,1.57511598803255
41,127,-2,0.785997287114149
41,128,0,-0.747031567542288
41,129,2,4.12744937412984
41,130,1,11.7176249577255
41,131,-3,1.87450110049488
41,132,0,5.85383595716661
41,133,0,8.18371964026411
41,134,0,4.98807098156143
41,135,0,5.66869609863892
41,136,-4,5.60705096960879
41,137,0,9.77326830546983
41,138,4,9.57487688571812
41,139,-7,4.47919237784463
41,140,0,12.6481717445787
41,141,-4,8.66334196447049
41,142,-5,13.681041764717
41,143,-2,17.7698718834352
41,144,2,16.4388471767104
41,145,3,11.6446442734282
41,146,-3,12.1550835062313
41,147,3,11.6250941020176
41,148,-5,2.68221778553887
41,149,0,9.66281945422755
41,150,3,4.65324698081541
41,151,-3,2.87557752176512
41,152,2,6.92087973938187
41,153,1,5.98302068293587
41,154,-3,10.0753407069739
41,155,1,19.1786211824207
41,156,9,11.7152144427913
41,157,-10,5.10414624549251
41,158,6,19.4978399941667
41,159,4,1.50799656813078
41,160,4,-0.738991430449529
42,1,3,-8.67435679054807
42,2,-7,-7.21418530667817
42,3,-6,-1.34787480273947
42,4,-1,4.47414807986427
42,5,7,6.43834375749536
42,6,10,0.791288669814211
42,7,-7,-6.82554600553788
42,8,4,4.16561309543177
42,9,-4,-3.37764541333862
42,10,4,1.85622377132451
42,11,-4,-7.66158487916645
42,12,4,0.650778476713477
42,13,-3,-4.58515037022067
42,14,-5,11.1196648035522
42,15,-12,9.66927502346318
42,16,5,21.6971869293457
42,17,4,11.6714886534517
42,18,-4,15.4319518571417
42,19,15,12.48331243167
42,20,-4,-9.74190100741554
42,21,0,2.60507355163437
42,22,-11,-8.23491181720978
42,23,1,4.20793068840532
42,24,0,-2.96979667008577
42,25,7,15.8188311175961
42,26,-1,-1.41564461777839
42,27,-6,5.5627221106334
42,28,-2,9.9966603657192
42,29,22,6.40550771640393
42,30,2,-17.0738885810977
42,31,-15,-16.3449571582764
42,32,3,6.26190241248607
42,33,-11,-4.9141067639605
42,34,7,13.2527135376874
42,35,-3,1.17894459546114
42,36,-2,1.56575443903592
42,37,6,11.2940949275851
42,38,-4,-6.22075679211729
42,39,-3,5.96389797740892
42,40,7,4.09973820396088
42,41,-4,-2.39100947673787
42,42,0,4.50073511306102
42,43,8,6.48682286701683
42,44,-10,-6.21205237878271
42,45,-10,-4.63786964358562
42,46,-12,5.25407770059022
42,47,4,1.74093141637251
42,48,3,-4.33628598938909
42,49,13,6.77977717655861
42,50,-4,10.4387423039046
42,51,4,-4.8421385617448
42,52,-23,-8.0973061388548
42,53,4,-0.199643325214149
42,54,0,-5.08005902678008
42,55,-7,8.71697858107296
42,56,4,12.0777187064716
42,57,-4,0.827297126235703
42,58,7,10.2997840077072
42,59,8,21.2642924644374
42,60,16,1.25831785305133
42,61,-18,-4.09098058316464
42,62,0,7.49686203661872
42,63,4,-0.178284505325375
42,64,16,6.04724251264276
42,65,-1,-21.7686927559607
42,66,-13,-14.7660529717497
42,67,-4,-5.78846749635768
42,68,11,5.83675080907621
42,69,-6,-4.97528709457333
42,70,-7,3.47877342092902
42,71,13,4.34261808809423
42,72,2,1.38103709482126
42,73,-15,0.843373986038507
42,74,4,13.2674059100596
42,75,-4,-7.0714612693164
42,76,-2,7.97194336356296
42,77,10,4.46332646139468
42,78,-3,0.213746679769211
42,79,14,0.741501990923876
42,80,-6,-16.2205150494964
42,81,-11,-1.38535762042923
42,82,-5,2.2578325799252
42,83,11,12.9202651440356
42,84,-7,-5.51692202977245
42,85,-7,16.9791271382958
42,86,4,11.2150519512183
42,87,-9,11.077274062117
42,88,9,22.7671710795204
42,89,6,3.18043290092741
42,90,-12,-5.73989323590874
42,91,9,11.7277636519821
42,92,4,-2.63599447908354
42,93,11,-7.7533389345458
42,94,-15,-18.3707186987308
42,95,0,-0.352137098986016
42,96,18,-9.24972825413807
42,97,4,-10.7656527444787
42,98,-29,-19.8498507838328
42,99,4,10.4346103906717
42,100,3,2.08184811772706
42,101,-10,12.024349033842
42,102,21,10.5612261167999
42,103,-11,-24.6670258168607
42,104,-7,8.92546075523052
42,105,11,7.93508367527313
42,106,0,-7.40074519818092
42,107,-4,-11.8595533703238
42,108,7,3.88937584011567
42,109,-14,-13.3423276309088
42,110,18,11.0313935660454
42,111,-7,-17.1437525951433
42,112,7,-1.06032610164351
42,113,5,-14.1661959652524
42,114,-15,-5.88812922184897
42,115,3,1.46217696799168
42,116,3,-1.44089371326372
42,117,-18,-1.92879561673693
42,118,-1,18.5452446328586
42,119,9,9.38935582403267
42,120,11,-4.63646230681115
42,121,4,-6.33852203008644
42,122,-15,-13.5655965181114
42,123,11,4.87235176003024
42,124,-4,-7.84101392174816
42,125,-1,5.58636696936944
42,126,-2,-0.578141704142303
42,127,0,-1.73422265848766
42,128,2,3.88033973260298
42,129,1,9.42628669995988
42,130,-3,0.860399770167667
42,131,0,5.06943489055656
42,132,0,8.17755928458321
42,133,0,4.87420979730528
42,134,0,5.12912658755022
42,135,-4,4.94380739023099
42,136,0,9.15601065424502
42,137,4,9.43512228303407
42,138,-7,4.51871080064972
42,139,0,11.6606724185776
42,140,-4,7.99154000712979
42,141,-5,13.6645652744786
42,142,-2,17.2266834460729
42,143,2,15.9723660649165
42,144,3,11.2161023449955
42,145,-3,11.3509513546096
42,146,3,10.9344001597792
42,147,-5,2.48796524859761
42,148,0,9.40611740217627
42,149,3,4.08332010798873
42,150,-3,2.64043691328778
42,151,2,6.04973441146235
42,152,1,5.63238977281554
42,153,-3,9.80149934945922
42,154,1,19.0751456430756
42,155,9,10.7160975855537
42,156,-10,5.1501694491196
42,157,6,18.6488082432705
42,158,4,0.556234905781014
42,159,4,1.02323931166117
42,160,3,-8.2761138266811
43,1,-7,-4.99945191052641
43,2,4,2.2096235205351
43,3,-4,-8.22087289666885
43,4,4,1.19381797640798
43,5,-4,-4.74392472424963
43,6,4,7.196728433176
43,7,-3,-5.86401424284113
43,8,-5,11.1138964599996
43,9,-12,6.47924616434095
43,10,5,25.480785280037
43,11,4,8.0005037825517
43,12,-4,15.5627739042992
43,13,15,12.1834118741798
43,14,-4,-12.0257724971431
43,15,0,-4.37065820451403
43,16,-11,-6.37546642729029
43,17,1,9.06215368076466
43,18,0,-2.09202227035111
43,19,7,17.0951515103398
43,20,-1,-2.47735973003693
43,21,-6,7.34261914101619
43,22,-2,5.37179543351276
43,23,22,7.40088296337365
43,24,2,-12.5407790457457
43,25,-15,-12.8852532308583
43,26,3,1.20332891842434
43,27,-11,-7.87303911951596
43,28,7,6.87208924714426
43,29,-3,3.4126190862561
43,30,-2,5.47556605008084
43,31,6,12.1398795708228
43,32,-4,2.01291251221294
43,33,-3,3.58253328212304
43,34,7,10.4371568609595
43,35,-4,-3.84283780840261
43,36,0,7.88656701201953
43,37,8,6.18227127514876
43,38,-10,-6.04423124802459
43,39,-10,-9.17256342093179
43,40,-12,0.381253138408136
43,41,4,5.83017081824831
43,42,3,-5.39006890883857
43,43,13,4.75649534950119
43,44,-4,-9.81622225602699
43,45,4,-0.526251284315755
43,46,-23,-6.3554654970614
43,47,4,6.1661163110791
43,48,0,-4.17087933164624
43,49,-7,6.07306873834596
43,50,4,11.8745332355935
43,51,-4,2.66997022008436
43,52,7,9.51051109432393
43,53,8,15.7087150139871
43,54,16,0.165876107248524
43,55,-18,-2.47490591760797
43,56,0,8.73815514289809
43,57,4,-1.88316355993941
43,58,16,-5.7387840261816
43,59,-1,-20.7032063552498
43,60,-13,-12.3333913716345
43,61,-4,2.71914430062382
43,62,11,2.46042577229922
43,63,-6,-9.6274704401847
43,64,-7,13.4624432466979
43,65,13,5.99540800889804
43,66,2,-2.96755587628817
43,67,-15,-4.47479000976074
43,68,4,18.4439666904486
43,69,-4,-5.44014131276877
43,70,-2,12.3305688214372
43,71,10,3.32051373720845
43,72,-3,0.12325049319373
43,73,14,2.2600001324324
43,74,-6,-12.2660465576484
43,75,-11,-4.89177828144659
43,76,-5,2.60173759756104
43,77,11,14.2364249264114
43,78,-7,-8.07116967486898
43,79,-7,21.4016058219288
43,80,4,8.344415331904
43,81,-9,7.6119014695309
43,82,9,17.8403033391865
43,83,6,6.05807194686902
43,84,-12,-4.05023683364181
43,85,9,12.7660085687729
43,86,4,-6.75674392966003
43,87,11,-10.4126318305932
43,88,-15,-14.6868886254847
43,89,0,1.90344867816634
43,90,18,-9.93877989842594
43,91,4,-14.3110859339642
43,92,-29,-23.5089611482525
43,93,4,20.5093056158839
43,94,3,-2.26424532468166
43,95,-10,-1.78231625331405
43,96,21,14.1017292569999
43,97,-11,-15.4161553489195
43,98,-7,18.1586434693808
43,99,11,5.72472444573282
43,100,0,-10.4169709720722
43,101,-4,-8.18450513551208
43,102,7,9.0647049484312
43,103,-14,-15.6997084419179
43,104,18,13.2380206013338
43,105,-7,-8.10363605986381
43,106,7,-2.36477990887889
43,107,5,-14.5563887209088
43,108,-15,-6.94942224385318
43,109,3,2.82154747888532
43,110,3,3.02359164535578
43,111,-18,-7.89598473105973
43,112,-1,26.0441787506036
43,113,9,11.8938003209845
43,114,11,-7.90785345079163
43,115,4,-6.23670561286275
43,116,-15,-14.061776802575
43,117,11,11.6927245443416
43,118,-4,-14.0890836902348
43,119,-1,0.36234790825478
43,120,-2,1.38662798180012
43,121,0,1.86687128821664
43,122,2,3.80600532137803
43,123,1,9.3295105153793
43,124,-3,0.334146883865266
43,125,0,9.56543110187812
43,126,0,4.49718406956155
43,127,0,6.05573200593247
43,128,0,6.3084986573376
43,129,-4,6.59024090295518
43,130,0,9.20090741135203
43,131,4,8.49839084214014
43,132,-7,4.18114566994391
43,133,0,14.0047739046713
43,134,-4,7.78885365083285
43,135,-5,13.2280634117759
43,136,-2,16.913534088532
43,137,2,17.0286783121182
43,138,3,10.5827077196956
43,139,-3,11.259753793723
43,140,3,9.76197351284471
43,141,-5,2.56968132040242
43,142,0,9.52136885691307
43,143,3,5.27647319196888
43,144,-3,5.36706047181834
43,145,2,6.89219489044375
43,146,1,5.60132244114439
43,147,-3,6.94289270631347
43,148,1,20.7657625336272
43,149,9,10.7121475690187
43,150,-10,5.15975554610184
43,151,6,15.5425427669533
43,152,4,-1.1427514910518
43,153,4,-0.756487615164172
43,154,3,-6.33975191436157
43,155,-11,-6.88504244765581
43,156,-6,-0.43271474071622
43,157,6,10.8074896561708
43,158,-2,0.0968382117663333
43,159,-4,8.52906082071884
43,160,-5,-17.1547551825843
44,1,4,1.41322381612131
44,2,-3,-4.35296512065834
44,3,-5,11.2682802743487
44,4,-12,9.82729433912526
44,5,5,22.6868645634942
44,6,4,12.7350673012903
44,7,-4,16.8664622438297
44,8,15,12.3219580703215
44,9,-4,-9.27048343164812
44,10,0,2.04866834115704
44,11,-11,-8.6639186328189
44,12,1,4.09352477896072
44,13,0,-2.07135447566973
44,14,7,16.9313404955882
44,15,-1,-1.67789576373676
44,16,-6,6.46022044202895
44,17,-2,9.48174375618156
44,18,22,6.57543437484672
44,19,2,-16.9221044447801
44,20,-15,-16.7359456365055
44,21,3,7.16392700383446
44,22,-11,-5.96013198205524
44,23,7,13.8626561144115
44,24,-3,-0.0291997646986588
44,25,-2,3.58156869088132
44,26,6,11.0212513922459
44,27,-4,-6.2118893297511
44,28,-3,6.19254630487213
44,29,7,4.74125504149016
44,30,-4,-2.40028470590302
44,31,0,5.19301500653049
44,32,8,6.63708722738433
44,33,-10,-6.28587214326826
44,34,-10,-4.99429455143108
44,35,-12,4.02648045347125
44,36,4,1.89059144502359
44,37,3,-3.98266856814354
44,38,13,7.09890493396188
44,39,-4,14.4883624268971
44,40,4,-4.89591228898141
44,41,-23,-7.15216493265643
44,42,4,0.252551642482084
44,43,0,-4.9247640550274
44,44,-7,8.76766452369178
44,45,4,12.5022412105259
44,46,-4,1.5657366645878
44,47,7,10.8826626822424
44,48,8,21.2200195674068
44,49,16,2.2107487293976
44,50,-18,-3.48268100711029
44,51,0,7.81420864124669
44,52,4,-0.20320324875417
44,53,16,5.83210368374215
44,54,-1,-22.5619934960415
44,55,-13,-13.7969820571696
44,56,-4,-6.61611768103384
44,57,11,5.24064280225234
44,58,-6,-4.6187458073968
44,59,-7,4.00077390166648
44,60,13,5.58009088937807
44,61,2,1.28319382914259
44,62,-15,0.761611896751945
44,63,4,13.6725995929213
44,64,-4,-6.69248329528575
44,65,-2,7.91406909483832
44,66,10,4.55798068016686
44,67,-3,0.525494319418703
44,68,14,0.502975226182157
44,69,-6,-16.1499233559709
44,70,-11,-2.22056546681062
44,71,-5,2.03969359895159
44,72,11,13.0826238646328
44,73,-7,-4.29997036389086
44,74,-7,17.630779451655
44,75,4,12.1382999472607
44,76,-9,11.5496640137583
44,77,9,23.534354418849
44,78,6,4.51413211024337
44,79,-12,-4.94344134851699
44,80,9,12.0324888528037
44,81,4,-2.81376502095828
44,82,11,-7.65729785805499
44,83,-15,-19.3671793332877
44,84,0,-0.481030923587882
44,85,18,-9.5527560834195
44,86,4,-11.0127646066704
44,87,-29,-21.266889314505
44,88,4,10.9335092832763
44,89,3,1.50115113600191
44,90,-10,13.3405524074453
44,91,21,10.1067481620346
44,92,-11,-21.9458340904037
44,93,-7,8.46335524504275
44,94,11,7.59043600093865
44,95,0,-7.27193676250355
44,96,-4,-11.5748180247367
44,97,7,4.78013701440089
44,98,-14,-13.6112199385241
44,99,18,11.4791655076773
44,100,-7,-17.6280293914224
44,101,7,-0.705001702855234
44,102,5,-15.3046515876751
44,103,-15,-6.02329739879567
44,104,3,1.26717414389186
44,105,3,-0.959361593173885
44,106,-18,-1.55211580502237
44,107,-1,18.7490082616445
44,108,9,10.7380122734649
44,109,11,-4.82538765347032
44,110,4,-6.5598245709293
44,111,-15,-13.7667950995789
44,112,11,4.79511362566677
44,113,-4,-8.69329607188831
44,114,-1,5.97667272003356
44,115,-2,-1.3065816930458
44,116,0,-0.590939595078013
44,117,2,4.30799620697179
44,118,1,9.78696388128642
44,119,-3,1.05614523877511
44,120,0,5.60912505104528
44,121,0,8.05589595105163
44,122,0,5.3118764073626
44,123,0,5.61154919508567
44,124,-4,5.30945207263393
44,125,0,9.49276962743663
44,126,4,9.81485965505151
44,127,-7,4.94753360136953
44,128,0,12.290685586881
44,129,-4,8.42220160824073
44,130,-5,14.2147086666505
44,131,-2,18.235952926703
44,132,2,17.2852414784139
44,133,3,12.2909715314289
44,134,-3,12.1878143919709
44,135,3,11.32143896105
44,136,-5,2.63235772146632
44,137,0,9.58027192601481
44,138,3,4.57966244252404
44,139,-3,3.14376627229237
44,140,2,6.59685904464977
44,141,1,5.97946750351394
44,142,-3,10.3039533863303
44,143,1,20.0922939919367
44,144,9,11.9132759755689
44,145,-10,6.26357153409588
44,146,6,18.8507544512617
44,147,4,0.491427658444939
44,148,4,0.925206924313486
44,149,3,-8.95747639315921
44,150,-11,-11.1868829518207
44,151,-6,-1.39420705954285
44,152,6,13.4115222939701
44,153,-2,-0.857102560639855
44,154,-4,8.11056958569915
44,155,-5,-16.8752011527417
44,156,-7,0.0507351130439755
44,157,4,4.71970213595725
44,158,5,-5.97577894225242
44,159,-5,-5.49054761365391
44,160,-4,10.9792860122978
45,1,-3,-3.53259483524742
45,2,-5,12.1277441076051
45,3,-12,11.4290824214195
45,4,5,23.8306179879512
45,5,4,13.7214407711639
45,6,-4,15.6464799119608
45,7,15,14.0176699333721
45,8,-4,-9.67011376128502
45,9,0,1.45607355831933
45,10,-11,-7.27612332436409
45,11,1,5.13019793574968
45,12,0,-1.2321323105985
45,13,7,16.5372662049902
45,14,-1,-0.32982450878093
45,15,-6,6.21084086389743
45,16,-2,9.35629755411582
45,17,22,7.66961666179988
45,18,2,-17.1515443502988
45,19,-15,-16.2070699228117
45,20,3,-0.269066635772964
45,21,-11,-4.26711260266781
45,22,7,13.4625316231996
45,23,-3,3.0685912273605
45,24,-2,1.59380744235735
45,25,6,13.0644515458709
45,26,-4,-3.77013099326628
45,27,-3,7.00134077767442
45,28,7,5.45951290967431
45,29,-4,-1.78476238648434
45,30,0,5.45463595954109
45,31,8,7.92051962112951
45,32,-10,-6.0205637707388
45,33,-10,-5.61836289167396
45,34,-12,4.95605615970409
45,35,4,3.37993731107468
45,36,3,-4.03405999060857
45,37,13,7.24608105904559
45,38,-4,-7.22756082106484
45,39,4,-3.42347475793871
45,40,-23,-8.85252956956589
45,41,4,0.826349586063355
45,42,0,-4.18655325230086
45,43,-7,9.65116256020879
45,44,4,13.916837008389
45,45,-4,1.92694131847324
45,46,7,11.5163858311691
45,47,8,22.9798218278175
45,48,16,2.66370870977963
45,49,-18,-4.49326410723799
45,50,0,6.64324666231116
45,51,4,1.31988525104955
45,52,16,4.39684744188269
45,53,-1,-21.7510451574264
45,54,-13,-16.8859973025777
45,55,-4,-4.90888016986619
45,56,11,7.30553515625803
45,57,-6,-6.62225329898808
45,58,-7,4.54226380866873
45,59,13,6.18641902051753
45,60,2,1.84286738493936
45,61,-15,-0.140118884096508
45,62,4,15.1274890181624
45,63,-4,-6.12517923901805
45,64,-2,9.23469733514447
45,65,10,6.07196473922773
45,66,-3,0.83540513888097
45,67,14,1.12899372831475
45,68,-6,-16.1577691553865
45,69,-11,-2.13256779612162
45,70,-5,4.02386128162057
45,71,11,14.6354451034161
45,72,-7,-5.133110681062
45,73,-7,18.4867183993761
45,74,4,13.3375763789702
45,75,-9,12.1434980456213
45,76,9,22.2691098421755
45,77,6,4.68666462497577
45,78,-12,-6.23296852769688
45,79,9,13.2626366442289
45,80,4,-1.74225632107238
45,81,11,-8.83539957599076
45,82,-15,-18.2712878985863
45,83,0,0.123524919883841
45,84,18,-7.93668307025417
45,85,4,-12.5821781329191
45,86,-29,-21.1017554644107
45,87,4,12.168436763557
45,88,3,3.95726003222239
45,89,-10,8.85897009935508
45,90,21,12.5165571461165
45,91,-11,-24.5701350740666
45,92,-7,8.9027311205056
45,93,11,4.68768251956053
45,94,0,-8.0914671223617
45,95,-4,-11.4345296315863
45,96,7,5.38307990377235
45,97,-14,-13.1896699702299
45,98,18,12.3715374229249
45,99,-7,-14.9422213326908
45,100,7,-3.4707056492377
45,101,5,-13.2688850351403
45,102,-15,-6.27191931482721
45,103,3,2.9389050747075
45,104,3,0.00752236241384985
45,105,-18,-2.84138872243204
45,106,-1,20.7857802032492
45,107,9,11.4383654228797
45,108,11,-3.59321297046533
45,109,4,-6.03272736651797
45,110,-15,-13.5924820536836
45,111,11,6.03952165386448
45,112,-4,-7.06130806331468
45,113,-1,4.62909538292921
45,114,-2,1.00744571506488
45,115,0,-0.980008500460128
45,116,2,5.24361658181953
45,117,1,10.6815093791972
45,118,-3,1.77251038667556
45,119,0,6.07316046900249
45,120,0,9.45795596990897
45,121,0,5.93231732728619
45,122,0,6.34367430503599
45,123,-4,5.99899179108543
45,124,0,10.4846052311232
45,125,4,10.8756599901289
45,126,-7,5.48007532317432
45,127,0,13.0866004576472
45,128,-4,9.51985458971902
45,129,-5,15.0339314736029
45,130,-2,19.3797751180191
45,131,2,17.820791280299
45,132,3,12.7012422819979
45,133,-3,12.5538153749962
45,134,3,12.1374149251957
45,135,-5,3.35467916607432
45,136,0,10.5051297310347
45,137,3,5.53975127116454
45,138,-3,3.45862459545636
45,139,2,7.29519424189384
45,140,1,6.79825848312367
45,141,-3,11.8038734601865
45,142,1,21.0288150526542
45,143,9,12.4648772579592
45,144,-10,6.00225344755953
45,145,6,20.0080060710566
45,146,4,1.67158607116066
45,147,4,0.585929274473374
45,148,3,-7.60809491741359
45,149,-11,-11.2609568199933
45,150,-6,-0.0813971635460993
45,151,6,14.6961127359194
45,152,-2,-0.583052321847024
45,153,-4,8.70746451868277
45,154,-5,-16.9318565884495
45,155,-7,-0.945141783763056
45,156,4,6.73572607978843
45,157,5,-5.52556659031782
45,158,-5,-5.45315063937866
45,159,-4,11.8936641047807
45,160,-3,2.11479850149117
46,1,-12,10.3694712359066
46,2,5,21.4310163441846
46,3,4,10.7164341523603
46,4,-4,12.1827254600642
46,5,15,13.2451404217817
46,6,-4,-12.8329319038404
46,7,0,-1.43168653476815
46,8,-11,-5.99463351382728
46,9,1,5.54818364529464
46,10,0,-2.64466510310106
46,11,7,13.1324894758059
46,12,-1,-0.162337098700582
46,13,-6,4.81880404330505
46,14,-2,8.88338846613119
46,15,22,7.97940874208562
46,16,2,-12.6403561065292
46,17,-15,-19.8686467915781
46,18,3,0.866812791663178
46,19,-11,-7.12803366092925
46,20,7,12.1148672917977
46,21,-3,-0.832900499132417
46,22,-2,3.90536943965644
46,23,6,11.4238034901789
46,24,-4,0.662273409608421
46,25,-3,7.14466488875467
46,26,7,5.97230107793202
46,27,-4,-2.88798915480577
46,28,0,4.85892438121864
46,29,8,5.25585332137658
46,30,-10,-6.80236867115554
46,31,-10,-7.55729551774525
46,32,-12,5.77650056943635
46,33,4,2.31661835462877
46,34,3,-5.62158793412496
46,35,13,6.9894976632175
46,36,-4,-4.93513019526137
46,37,4,-6.8517876495773
46,38,-23,-8.02683533192208
46,39,4,1.8671740061613
46,40,0,-5.23446649288427
46,41,-7,8.25227840369005
46,42,4,12.5479343361926
46,43,-4,-0.186760040564987
46,44,7,11.186802026475
46,45,8,21.1360059506638
46,46,16,2.16978364966833
46,47,-18,-7.11322416324613
46,48,0,5.861334779185
46,49,4,-2.44499410325614
46,50,16,-0.099398042188708
46,51,-1,-21.3998464735757
46,52,-13,-18.5695180695309
46,53,-4,-2.23423736718771
46,54,11,10.0960085457003
46,55,-6,-8.89382900209072
46,56,-7,3.64642788578173
46,57,13,6.78845542000972
46,58,2,-1.50009990826724
46,59,-15,0.919329368878568
46,60,4,13.7753301398382
46,61,-4,-7.27439867977491
46,62,-2,13.0947701295932
46,63,10,7.15263515703309
46,64,-3,2.10261814130908
46,65,14,2.51009405928865
46,66,-6,-19.0586529312513
46,67,-11,-3.99376246956947
46,68,-5,2.60345494849765
46,69,11,11.5104695464396
46,70,-7,-6.49225169138507
46,71,-7,15.8254524574403
46,72,4,13.1678401314304
46,73,-9,9.5988057228715
46,74,9,24.2563994100839
46,75,6,0.870980916896155
46,76,-12,-5.11575236701637
46,77,9,13.8541900469986
46,78,4,-4.63009858020381
46,79,11,-8.8847322413225
46,80,-15,-17.9061099286372
46,81,0,1.01361305751191
46,82,18,-9.13596723710149
46,83,4,-11.5602099231123
46,84,-29,-22.7475333889567
46,85,4,13.5749929707362
46,86,3,0.895362856797927
46,87,-10,6.31005210584033
46,88,21,11.6327946220612
46,89,-11,-19.4385258755641
46,90,-7,6.2553981369869
46,91,11,9.48653212847102
46,92,0,-10.7062247253201
46,93,-4,-11.3241331741116
46,94,7,5.59005328189251
46,95,-14,-11.7030251717203
46,96,18,15.3417519413461
46,97,-7,-13.828476130603
46,98,7,-5.97486500891453
46,99,5,-15.2954981372094
46,100,-15,-7.60349185230078
46,101,3,5.00922848428937
46,102,3,0.139569696444938
46,103,-18,-2.65407766560342
46,104,-1,21.1462611954318
46,105,9,10.0612495171901
46,106,11,-4.40269980635283
46,107,4,-5.91676726809465
46,108,-15,-13.2070034228153
46,109,11,6.19131563224595
46,110,-4,-10.0343877396549
46,111,-1,1.20214595893489
46,112,-2,-0.877094180604831
46,113,0,-0.481674414790184
46,114,2,4.51298298166992
46,115,1,12.3518771391099
46,116,-3,2.12587529298397
46,117,0,4.37431539357059
46,118,0,7.21638665518601
46,119,0,4.19416331804088
46,120,0,4.74361462340517
46,121,-4,4.65859732248206
46,122,0,9.28115594797426
46,123,4,8.18988933164112
46,124,-7,3.57078415384203
46,125,0,12.2767387513079
46,126,-4,6.92401159016047
46,127,-5,13.5675814661544
46,128,-2,16.6651094783719
46,129,2,15.2303887186232
46,130,3,11.0886967386188
46,131,-3,11.1078787542843
46,132,3,10.7833145416466
46,133,-5,0.767807336245622
46,134,0,9.4913671776201
46,135,3,3.20031804444628
46,136,-3,2.01599552423876
46,137,2,6.80241733465582
46,138,1,4.07740164935182
46,139,-3,9.830883613456
46,140,1,17.9909268277973
46,141,9,11.6283427297623
46,142,-10,3.11350393906466
46,143,6,19.5946304091756
46,144,4,-0.765452119059557
46,145,4,-1.18258831409661
46,146,3,-8.79478631907628
46,147,-11,-11.8423873348596
46,148,-6,1.70186137782949
46,149,6,12.728601930877
46,150,-2,-2.59437754920942
46,151,-4,7.30039658586102
46,152,-5,-18.398052000498
46,153,-7,-3.93986312573712
46,154,4,5.67690335171577
46,155,5,-6.36517208112306
46,156,-5,-5.7186765054449
46,157,-4,10.8869077622277
46,158,-3,2.77252923387247
46,159,-4,10.2666719146831
46,160,3,17.254708722558
47,1,1,9.36841523304685
47,2,0,-2.84638426295847
47,3,7,13.1198657267552
47,4,-1,-4.0784518557129
47,5,-6,7.31596282931305
47,6,-2,4.39227340208312
47,7,22,7.78023639385416
47,8,2,-11.1418855125942
47,9,-15,-14.4646767055555
47,10,3,-5.61576825787302
47,11,-11,-8.77976585736327
47,12,7,4.99420544921521
47,13,-3,-0.419183680887713
47,14,-2,5.0234502223281
47,15,6,6.1815414150357
47,16,-4,3.45830172297243
47,17,-3,4.72335225009618
47,18,7,6.18438448101695
47,19,-4,-1.85046180058564
47,20,0,7.58562262512316
47,21,8,1.85955721225441
47,22,-10,-3.54249999833592
47,23,-10,-8.71172359063577
47,24,-12,-1.31014336374316
47,25,4,1.31807502758801
47,26,3,-3.31390516158526
47,27,13,0.569826413717273
47,28,-4,-16.6388289010984
47,29,4,-6.68881841234295
47,30,-23,-3.43672045199918
47,31,4,3.25546173775032
47,32,0,-4.34485221615527
47,33,-7,7.81154109794679
47,34,4,7.90662570519579
47,35,-4,2.21301073716807
47,36,7,11.5735267491335
47,37,8,18.7746547625103
47,38,16,0.751203547603776
47,39,-18,-4.57283585137219
47,40,0,6.86414136986505
47,41,4,-4.5893675160778
47,42,16,-6.96864495021126
47,43,-1,-18.2323499928822
47,44,-13,-12.6774115340073
47,45,-4,-4.90817777359996
47,46,11,2.58192691100332
47,47,-6,-11.7124775155377
47,48,-7,13.0544569203413
47,49,13,1.77133308387636
47,50,2,0.172336345605864
47,51,-15,0.607699320648049
47,52,4,10.683778056829
47,53,-4,-4.17003331613958
47,54,-2,8.90280442903531
47,55,10,-1.32229345149739
47,56,-3,0.722231595727713
47,57,14,3.87020494078375
47,58,-6,-16.1969537563576
47,59,-11,1.2838028291265
47,60,-5,-1.96265794393153
47,61,11,14.0214461615429
47,62,-7,-9.37281113296378
47,63,-7,20.3349461176302
47,64,4,4.54483791083501
47,65,-9,12.4125126045205
47,66,9,18.1535092174012
47,67,6,1.18591411808117
47,68,-12,-1.15188514341176
47,69,9,8.87898959100184
47,70,4,-7.51426892836034
47,71,11,-7.83768560279877
47,72,-15,-18.9334549883419
47,73,0,3.4892926197278
47,74,18,-11.8006079337981
47,75,4,-15.6393848065549
47,76,-29,-20.7234221254758
47,77,4,13.0300455838331
47,78,3,-6.08436428117862
47,79,-10,-9.10509961431313
47,80,21,18.9447807883554
47,81,-11,-14.8904677699636
47,82,-7,20.662218229541
47,83,11,-3.44139562427916
47,84,0,-11.6407266665384
47,85,-4,-3.58355674898253
47,86,7,0.936550830664601
47,87,-14,-12.1060353915565
47,88,18,14.5671470298972
47,89,-7,-12.9766173136159
47,90,7,-1.55316083775232
47,91,5,-18.1631417422955
47,92,-15,-5.34342733908584
47,93,3,-1.79169074419781
47,94,3,-0.752137845376922
47,95,-18,-8.33107054217616
47,96,-1,23.7965155104168
47,97,9,9.96763241652291
47,98,11,-7.48570501835638
47,99,4,-6.66285698276735
47,100,-15,-12.6334267593209
47,101,11,6.996017039591
47,102,-4,-12.9147164660618
47,103,-1,1.02203601508016
47,104,-2,-2.82845672046215
47,105,0,4.12309910193006
47,106,2,0.894336851136393
47,107,1,6.97996313437546
47,108,-3,-0.203081360903674
47,109,0,8.2196479826993
47,110,0,4.05235634538495
47,111,0,6.22020291106929
47,112,0,4.54779603766888
47,113,-4,5.44432202507552
47,114,0,8.64053683072419
47,115,4,7.48660667533227
47,116,-7,4.46789339224503
47,117,0,12.1164604651655
47,118,-4,5.64230335173116
47,119,-5,15.3042423216422
47,120,-2,14.3287944943381
47,121,2,16.2474638283181
47,122,3,11.1761592446388
47,123,-3,9.95802643020955
47,124,3,8.62871733678785
47,125,-5,2.20479822363679
47,126,0,10.313510196991
47,127,3,2.70608741896633
47,128,-3,5.85118716090371
47,129,2,5.578726436697
47,130,1,3.53792563882806
47,131,-3,5.91755759084538
47,132,1,19.4545371932759
47,133,9,9.68829197986872
47,134,-10,4.75231327655269
47,135,6,15.4991960711863
47,136,4,-3.46341296417559
47,137,4,1.10331398835298
47,138,3,-10.0663337644005
47,139,-11,-8.19100549452418
47,140,-6,0.13935695941505
47,141,6,9.45717350772039
47,142,-2,0.526429968858583
47,143,-4,8.37007639064549
47,144,-5,-15.4739619979056
47,145,-7,2.06426935034754
47,146,4,-1.86574022663177
47,147,5,-2.68423256442478
47,148,-5,-4.46991887633736
47,149,-4,7.86151772905846
47,150,-3,0.174562515686567
47,151,-4,12.3507530388476
47,152,3,14.4850167772109
47,153,1,26.4376246149149
47,154,0,10.7680735171314
47,155,6,10.9146952375577
47,156,-6,5.99506672092431
47,157,6,15.2722494498609
47,158,-4,0.822300149824591
47,159,-2,10.4460817307338
47,160,6,-0.904561127430643
48,1,-6,7.44738221933522
48,2,-2,4.40856653945493
48,3,22,7.57348341745241
48,4,2,-16.468658102916
48,5,-15,-17.8708117656336
48,6,3,-4.89208844207948
48,7,-11,-7.66643765796227
48,8,7,4.77749983829737
48,9,-3,-0.765232051413321
48,10,-2,7.94101770602766
48,11,6,5.8764692485874
48,12,-4,5.19099824352886
48,13,-3,4.18913268140033
48,14,7,7.45106966735209
48,15,-4,-2.09108564678205
48,16,0,6.46889322356334
48,17,8,2.1806710334447
48,18,-10,-4.12955401735865
48,19,-10,-8.5386498431454
48,20,-12,-1.71521607814028
48,21,4,1.3425093322072
48,22,3,-2.56186540410696
48,23,13,1.68373185649011
48,24,-4,-11.4043693690851
48,25,4,-6.01270257404654
48,26,-23,-2.10870234556226
48,27,4,3.93672953282561
48,28,0,-3.69496237780205
48,29,-7,6.69104693254589
48,30,4,7.23925495653454
48,31,-4,2.70948231961644
48,32,7,11.1358331074815
48,33,8,16.3713103846438
48,34,16,2.33537401317232
48,35,-18,-3.54042762866302
48,36,0,4.93474960735027
48,37,4,-4.25892052154212
48,38,16,-7.25172710271181
48,39,-1,-17.9445005660736
48,40,-13,-11.4972306769948
48,41,-4,-5.93936865136636
48,42,11,4.21311847886667
48,43,-6,-10.0107327562137
48,44,-7,11.5747982388823
48,45,13,4.23137308865866
48,46,2,-1.17969053365535
48,47,-15,0.958414886880352
48,48,4,9.85758954155461
48,49,-4,-3.65171436902794
48,50,-2,10.1499334907629
48,51,10,-0.0515179164063948
48,52,-3,2.5156887800191
48,53,14,3.22249907779446
48,54,-6,-15.0901557612233
48,55,-11,-1.70682688303339
48,56,-5,-2.2408305797566
48,57,11,12.2289565655979
48,58,-7,-7.2431408823977
48,59,-7,18.6926431629419
48,60,4,6.57483297335715
48,61,-9,10.7471664583197
48,62,9,17.738011383571
48,63,6,2.25007976805149
48,64,-12,0.240225909819713
48,65,9,7.96037149053782
48,66,4,-6.98405102919761
48,67,11,-7.98945499236044
48,68,-15,-18.1158885883036
48,69,0,2.22332331255043
48,70,18,-11.031503798981
48,71,4,-16.7545305643131
48,72,-29,-22.7486596546401
48,73,4,13.4456670042535
48,74,3,-4.26198787935106
48,75,-10,-7.14763697566941
48,76,21,16.4532816686513
48,77,-11,-14.9109395564663
48,78,-7,21.6963578231445
48,79,11,1.44711360178398
48,80,0,-8.607837958133
48,81,-4,-4.88039207351927
48,82,7,2.60669497257773
48,83,-14,-11.6495491066791
48,84,18,14.3071485161672
48,85,-7,-13.0686151745513
48,86,7,-3.4841542277247
48,87,5,-17.6025553533842
48,88,-15,-5.24197194736079
48,89,3,-2.61650445469812
48,90,3,1.08869714033555
48,91,-18,-7.00778047737707
48,92,-1,21.9193534755102
48,93,9,12.1745225960417
48,94,11,-6.96716333282332
48,95,4,-5.79989184656444
48,96,-15,-12.1342099214923
48,97,11,6.55266019615786
48,98,-4,-13.3215155367929
48,99,-1,0.123477684651249
48,100,-2,-3.2000327113209
48,101,0,3.92995524133496
48,102,2,0.965838659305291
48,103,1,9.01816473883839
48,104,-3,0.541256836834958
48,105,0,7.85167985095167
48,106,0,3.8059143991526
48,107,0,5.80767741241466
48,108,0,4.418187185095
48,109,-4,5.68291643560367
48,110,0,8.53957899273703
48,111,4,7.50006852805257
48,112,-7,4.61625846346482
48,113,0,11.3151743985247
48,114,-4,6.30193808616346
48,115,-5,14.0004815787063
48,116,-2,13.4554196847921
48,117,2,16.7093126333987
48,118,3,11.2365542875161
48,119,-3,10.0880328687096
48,120,3,8.56009275067123
48,121,-5,1.99008014480699
48,122,0,9.0966898837527
48,123,3,2.75873773371872
48,124,-3,5.44997646890297
48,125,2,5.20819506676523
48,126,1,4.00572087714401
48,127,-3,5.80467504906299
48,128,1,19.0188362135293
48,129,9,10.0335963750794
48,130,-10,5.15226284389455
48,131,6,14.5137482293478
48,132,4,-2.14889058211921
48,133,4,-0.120145570650536
48,134,3,-10.596672605005
48,135,-11,-8.23359328871451
48,136,-6,-0.574301682439426
48,137,6,9.55397424708103
48,138,-2,0.833358306184074
48,139,-4,7.56726212748409
48,140,-5,-14.7937680834976
48,141,-7,-0.286319326082481
48,142,4,-1.47671709366487
48,143,5,-2.66509685121172
48,144,-5,-4.79835641881199
48,145,-4,7.47159038197495
48,146,-3,1.20833054912773
48,147,-4,11.029593837722
48,148,3,14.1984672740704
48,149,1,24.4654840453627
48,150,0,12.4706207642464
48,151,6,12.5920195062503
48,152,-6,5.63934515065025
48,153,6,16.9487150324435
48,154,-4,-0.290448815861707
48,155,-2,11.361626692563
48,156,6,-0.879199521349648
48,157,4,0.974626985687223
48,158,-4,-5.00475262866149
48,159,7,3.64713706477696
48,160,-3,-10.2195982719323
49,1,2,-14.5665667655329
49,2,-15,-15.3283123218828
49,3,3,-7.61246788604043
49,4,-11,-5.2960914008805
49,5,7,9.37720547903459
49,6,-3,0.566984881517697
49,7,-2,2.22513810470367
49,8,6,9.51714165026003
49,9,-4,8.82608080901955
49,10,-3,6.16763130565935
49,11,7,4.40618542693116
49,12,-4,1.09794907925982
49,13,0,3.26565009733357
49,14,8,3.66548410517048
49,15,-10,-3.20967927942634
49,16,-10,-5.37493737010778
49,17,-12,0.518805344299213
49,18,4,1.1282171049421
49,19,3,-0.257975557328429
49,20,13,3.84407083344061
49,21,-4,-15.9131861831047
49,22,4,-6.99549027684889
49,23,-23,-7.45123295527992
49,24,4,-0.653843310798534
49,25,0,-2.85042770911492
49,26,-7,9.34324090489474
49,27,4,9.46199080777171
49,28,-4,2.93813746180388
49,29,7,12.1884116094872
49,30,8,23.0965531835917
49,31,16,6.66999154689576
49,32,-18,-8.17022293072976
49,33,0,0.706359249692019
49,34,4,-5.30657628535385
49,35,16,-2.67763886597729
49,36,-1,-16.4611946169638
49,37,-13,-17.4244179142994
49,38,-4,-6.15376135282922
49,39,11,11.4974572120255
49,40,-6,-6.07570610015702
49,41,-7,1.99957128807668
49,42,13,4.34480951043512
49,43,2,6.208956446099
49,44,-15,3.60980308903587
49,45,4,5.95841452809061
49,46,-4,-2.84316323923992
49,47,-2,7.05327852125168
49,48,10,5.68134803158979
49,49,-3,4.2191837328437
49,50,14,3.98232255657768
49,51,-6,-19.8762066335904
49,52,-11,-0.848040505452135
49,53,-5,-0.434652601641905
49,54,11,16.2530661441019
49,55,-7,-5.00933950952688
49,56,-7,13.2557723238056
49,57,4,9.99639106558037
49,58,-9,16.4814247710296
49,59,9,23.6970067498638
49,60,6,1.35592704556865
49,61,-12,-5.02032761361022
49,62,9,7.34588651069127
49,63,4,-0.925365511672924
49,64,11,-9.40559589762023
49,65,-15,-20.338008936528
49,66,0,-0.971366948682528
49,67,18,-7.52907484293761
49,68,4,-12.9102697276845
49,69,-29,-17.5137007924993
49,70,4,2.82579308221705
49,71,3,-12.9676647913243
49,72,-10,-3.76598360882105
49,73,21,17.2899598728073
49,74,-11,-18.7708570571006
49,75,-7,11.4683201669565
49,76,11,3.87002070862239
49,77,0,-8.49055877335874
49,78,-4,-10.2058943580603
49,79,7,0.676552635867037
49,80,-14,-6.92143228731696
49,81,18,13.8388735842469
49,82,-7,-8.38787875373184
49,83,7,-4.71214077240348
49,84,5,-16.0477153895585
49,85,-15,-6.89649073729815
49,86,3,0.139023633191998
49,87,3,1.4069943419124
49,88,-18,-4.01251156525367
49,89,-1,17.8084334292541
49,90,9,12.0121795889606
49,91,11,-2.95720188618624
49,92,4,-3.1414959814644
49,93,-15,-14.1968110185021
49,94,11,0.0565654530202035
49,95,-4,-6.09655675785579
49,96,-1,-1.28695502710306
49,97,-2,-1.73613891696698
49,98,0,3.52349630987446
49,99,2,5.85053739005255
49,100,1,9.83922877917234
49,101,-3,1.51455930018037
49,102,0,3.38039771393005
49,103,0,7.33345807650444
49,104,0,5.49425894666738
49,105,0,4.24986946251075
49,106,-4,4.5729963033249
49,107,0,9.09891972379711
49,108,4,9.34792849565122
49,109,-7,5.21460761904488
49,110,0,9.7749516864624
49,111,-4,7.63602645127028
49,112,-5,16.0309367368671
49,113,-2,15.9236113408356
49,114,2,17.2169986088595
49,115,3,12.5095578355134
49,116,-3,10.4469786984275
49,117,3,9.05555016915345
49,118,-5,1.81662026415568
49,119,0,10.0539947397637
49,120,3,3.30722900648885
49,121,-3,4.09823986388286
49,122,2,5.1007797310653
49,123,1,4.32200398094377
49,124,-3,11.3551254762016
49,125,1,19.8790178499906
49,126,9,12.0447582154463
49,127,-10,4.04381661999143
49,128,6,14.8680762511497
49,129,4,0.527574905752414
49,130,4,0.00208030675053639
49,131,3,-12.1440112880576
49,132,-11,-11.9190900754596
49,133,-6,0.434383640152689
49,134,6,11.3248725210404
49,135,-2,-0.380546071990375
49,136,-4,6.45538534592743
49,137,-5,-13.5207461760106
49,138,-7,-0.232210514688618
49,139,4,1.12800624263928
49,140,5,-1.5804893895175
49,141,-5,-4.00758005835266
49,142,-4,5.89101745869886
49,143,-3,3.48031830118165
49,144,-4,13.9659449061123
49,145,3,18.5630914103777
49,146,1,28.6939569692478
49,147,0,13.6019366311161
49,148,6,10.2872592226569
49,149,-6,5.1895985417273
49,150,6,16.3509034859608
49,151,-4,4.34773505971462
49,152,-2,8.86840617174428
49,153,6,1.45006521006161
49,154,4,-4.06925749873911
49,155,-4,-4.32283385742686
49,156,7,1.41938349085994
49,157,-3,-6.29996177838234
49,158,-3,0.832501554841116
49,159,21,9.58440600211767
49,160,-14,-16.3589312132962
50,1,-4,4.55351551846414
50,2,-3,6.32962681330241
50,3,7,12.2574581139618
50,4,-4,-1.33370810848415
50,5,0,8.19059855291301
50,6,8,4.51674081415723
50,7,-10,-3.64906674470063
50,8,-10,-9.43050484984798
50,9,-12,0.977125593985615
50,10,4,2.58763838076734
50,11,3,-1.49275213453718
50,12,13,3.09106439528709
50,13,-4,-14.3996328891231
50,14,4,-3.70475474062842
50,15,-23,-8.68438113164419
50,16,4,3.55466126772163
50,17,0,-1.74626292353719
50,18,-7,7.52759624596514
50,19,4,10.8501648679217
50,20,-4,2.80944395049981
50,21,7,12.4551879507551
50,22,8,20.6726993178861
50,23,16,6.61095262210693
50,24,-18,-6.14317033605389
50,25,0,7.86178394917484
50,26,4,-1.07316462583689
50,27,16,-7.4517047316753
50,28,-1,-21.8832040051457
50,29,-13,-20.9286508528697
50,30,-4,-1.68038295219282
50,31,11,8.21447686626216
50,32,-6,-12.843370227415
50,33,-7,9.50791358080657
50,34,13,4.22308382481303
50,35,2,1.10915431214871
50,36,-15,0.177244912809858
50,37,4,13.2635354823219
50,38,-4,-1.99503587101767
50,39,-2,13.7978050974648
50,40,10,3.468748616977
50,41,-3,3.96593380654732
50,42,14,3.55557353219422
50,43,-6,-14.1943795034121
50,44,-11,-3.53882912393942
50,45,-5,2.0578945249639
50,46,11,14.8102749315501
50,47,-7,-8.13504375155865
50,48,-7,17.8965227562628
50,49,4,8.58461705994029
50,50,-9,14.3709880202264
50,51,9,23.2949905432113
50,52,6,4.11151613353792
50,53,-12,-3.04520345682836
50,54,9,14.3646646823522
50,55,4,-6.1461898056473
50,56,11,-10.1919044616382
50,57,-15,-16.9235628504309
50,58,0,-2.19964560001202
50,59,18,-7.30771002486143
50,60,4,-16.3976163108293
50,61,-29,-26.3126586581158
50,62,4,12.5126995991708
50,63,3,1.76875174051558
50,64,-10,-8.74821874715467
50,65,21,8.25217831015786
50,66,-11,-20.0042868584066
50,67,-7,5.32883343839165
50,68,11,6.60687817280367
50,69,0,-12.2115745893723
50,70,-4,-5.72765165782532
50,71,7,3.44850475057367
50,72,-14,-12.291405454921
50,73,18,18.2740001112019
50,74,-7,-8.45382425332156
50,75,7,-5.6257198486138
50,76,5,-15.3425973926958
50,77,-15,-10.3047413260399
50,78,3,1.15192369139468
50,79,3,2.59492793605107
50,80,-18,-9.3891513487451
50,81,-1,25.0973636626268
50,82,9,11.1977400202453
50,83,11,-5.10015712106253
50,84,4,-5.23569787169937
50,85,-15,-14.7258001353397
50,86,11,8.82244266360757
50,87,-4,-11.0474716250388
50,88,-1,-3.42707284871442
50,89,-2,-2.68320075366216
50,90,0,-0.082137898323154
50,91,2,4.12961966779257
50,92,1,10.493198687538
50,93,-3,1.72266818467663
50,94,0,10.1720839674318
50,95,0,5.94043378248508
50,96,0,7.02599739449372
50,97,0,6.27218357156586
50,98,-4,7.0769745404051
50,99,0,10.6997451933465
50,100,4,9.73613221597654
50,101,-7,5.40415609223031
50,102,0,14.1127840655006
50,103,-4,8.79515055595269
50,104,-5,16.1987390009647
50,105,-2,18.0239376687668
50,106,2,17.4293843543379
50,107,3,14.3535285761188
50,108,-3,13.425593931209
50,109,3,10.614367016904
50,110,-5,4.67902950257925
50,111,0,11.1591707208113
50,112,3,5.37043563103404
50,113,-3,6.0636620766649
50,114,2,7.7299526762297
50,115,1,5.11453358341762
50,116,-3,8.84295296710448
50,117,1,20.5703768486367
50,118,9,13.2775427271582
50,119,-10,5.55478080043667
50,120,6,17.557558405821
50,121,4,2.20229087962426
50,122,4,-1.05184030403143
50,123,3,-8.26607828877636
50,124,-11,-11.4254176503954
50,125,-6,1.45815814240227
50,126,6,11.4480569232386
50,127,-2,2.38717321072742
50,128,-4,8.71932283674466
50,129,-5,-15.7278335393128
50,130,-7,-1.75249378989774
50,131,4,3.42378597668462
50,132,5,-2.84061284233497
50,133,-5,-4.48780585883698
50,134,-4,9.37717567699634
50,135,-3,2.07184342993467
50,136,-4,14.2892998027442
50,137,3,18.0379821940289
50,138,1,27.6694358108732
50,139,0,19.7559436999523
50,140,6,9.55833212663988
50,141,-6,3.94456927183294
50,142,6,13.7140582907834
50,143,-4,1.72278626103082
50,144,-2,12.5192646350845
50,145,6,2.40388901363102
50,146,4,0.165452329647722
50,147,-4,-4.38757890408699
50,148,7,5.67265851392593
50,149,-3,-8.98123115646251
50,150,-3,4.45038966674434
50,151,21,10.2916619745126
50,152,-14,-12.6588412572011
50,153,1,-3.97140458233728
50,154,-4,-4.83713847132217
50,155,-4,2.22983787037856
50,156,11,7.69154036855424
50,157,-7,-3.2270419136723
50,158,-1,8.6540673520883
50,159,-3,8.30342199268845
50,160,3,12.2757289478928
